features: {I_fluctuation: 0.04604563331945441, Ilowq_over_Imean: 8.624688990861543,
  Imax_over_Imean: 40.02925603415089, Imax_sharpness: 1.4935675559392136, best_hump_qwidth: 0.0002775956727299436,
  best_hump_qwidth_log: 0.0015555408582693475, best_trough_qwidth: 0.0012548617469810232,
  best_trough_qwidth_log: 0.0036113268057396683, logI_fluctuation: 3.8575461835954687,
  logI_max_over_std: 3.3609567482301124, pearson_expq: -0.3253640589301558, pearson_invexpq: 0.3728418093181898,
  pearson_q: -0.3493372267840246, pearson_q2: -0.26477810465787704, q_Icentroid: 0.06595258786470784,
  q_best_hump: 0.057520337039884906, q_best_hump_log: 0.05774946758483196, q_best_trough: 0.03410439497436263,
  q_best_trough_log: 0.03630154830892579, q_logIcentroid: -0.16022967383051395, r_fftIcentroid: 0.060939195223633655}
fit_report:
  converged: 1
  error_weighted: 1
  final_objective: 0.027268999849687767
  fit_snr: 2.8763908965314653
  good_fit: 0
  initial_objective: 0.02728397557710234
  logI_weighted: 1
  q_range: [0.0, .inf]
  source_wavelength: 0.799898
noise:
  model: low_q_scatter
  parameters:
    I0:
      bounds: [0.0, .inf]
      constraint_expr: null
      fixed: 0
      value: 828.0385708296524
    I0_flat_fraction:
      bounds: [0.0, 1.0]
      constraint_expr: null
      fixed: 0
      value: 0.0
    effective_D:
      bounds: [0.0, 4.0]
      constraint_expr: null
      fixed: 0
      value: 1.8455212335141664
    effective_rg:
      bounds: [1.0, .inf]
      constraint_expr: null
      fixed: 0
      value: 108.80333700973569
sample_metadata: {data_file: R2_COOL_0025_dz_bgsub.dat, experiment_id: R2_201611,
  notes: '', sample_id: R2_201611_1479604595, source_wavelength: 0.799898, time: 1479604595.0}
