features: {I_fluctuation: 0.1324006068315862, Ilowq_over_Imean: 8.615837672308894,
  Imax_over_Imean: 39.808636856661224, Imax_sharpness: 1.4576635210979656, best_hump_qwidth: 0.0002798064862644686,
  best_hump_qwidth_log: 0.0015550160451260195, best_trough_qwidth: 0.0012823600835072766,
  best_trough_qwidth_log: 0.0038050444891826658, logI_fluctuation: 3.7817338596630634,
  logI_max_over_std: 3.3930879683813036, pearson_expq: -0.3263554534210847, pearson_invexpq: 0.3739467208625152,
  pearson_q: -0.3503871397965575, pearson_q2: -0.26561983161887676, q_Icentroid: 0.06610182273836804,
  q_best_hump: 0.057578279131448085, q_best_hump_log: 0.057831956540952356, q_best_trough: 0.03432694526597807,
  q_best_trough_log: 0.036881992573116695, q_logIcentroid: -0.14307729373934386, r_fftIcentroid: 0.06142942822220265}
fit_report:
  converged: 1
  error_weighted: 1
  final_objective: 0.0272641234887517
  fit_snr: 2.8841432133908023
  good_fit: 0
  initial_objective: 0.02727985988905809
  logI_weighted: 1
  q_range: [0.0, .inf]
  source_wavelength: 0.799898
noise:
  model: low_q_scatter
  parameters:
    I0:
      bounds: [0.0, .inf]
      constraint_expr: null
      fixed: 0
      value: 803.9060555658536
    I0_flat_fraction:
      bounds: [0.0, 1.0]
      constraint_expr: null
      fixed: 0
      value: 0.0
    effective_D:
      bounds: [0.0, 4.0]
      constraint_expr: null
      fixed: 0
      value: 1.8446496496971747
    effective_rg:
      bounds: [1.0, .inf]
      constraint_expr: null
      fixed: 0
      value: 106.95893198352432
sample_metadata: {data_file: R2_COOL_0020_dz_bgsub.dat, experiment_id: R2_201611,
  notes: '', sample_id: R2_201611_1479604463, source_wavelength: 0.799898, time: 1479604463.0}
