features: {I_fluctuation: 0.12805714406412885, Ilowq_over_Imean: 8.616036473385568,
  Imax_over_Imean: 39.751053152146845, Imax_sharpness: 1.4596464877812168, best_hump_qwidth: 0.0002804413489467719,
  best_hump_qwidth_log: 0.0015912474338291602, best_trough_qwidth: 0.0012244156341353638,
  best_trough_qwidth_log: 0.003658778896343244, logI_fluctuation: 3.664118574546277,
  logI_max_over_std: 3.325484119440503, pearson_expq: -0.32719137445760793, pearson_invexpq: 0.37490995674453953,
  pearson_q: -0.3512870645099102, pearson_q2: -0.2662941386067035, q_Icentroid: 0.0659795067342366,
  q_best_hump: 0.05758378793103813, q_best_hump_log: 0.05782008808691513, q_best_trough: 0.03416056875461515,
  q_best_trough_log: 0.03646710999782682, q_logIcentroid: -0.17650837941949155, r_fftIcentroid: 0.06154903718311587}
fit_report:
  converged: 1
  error_weighted: 1
  final_objective: 0.02772374500416005
  fit_snr: 2.8473401520833694
  good_fit: 0
  initial_objective: 0.027780777328981095
  logI_weighted: 1
  q_range: [0.0, .inf]
  source_wavelength: 0.799898
noise:
  model: low_q_scatter
  parameters:
    I0:
      bounds: [0.0, .inf]
      constraint_expr: null
      fixed: 0
      value: 800.240027686408
    I0_flat_fraction:
      bounds: [0.0, 1.0]
      constraint_expr: null
      fixed: 0
      value: 0.0
    effective_D:
      bounds: [0.0, 4.0]
      constraint_expr: null
      fixed: 0
      value: 1.8491080580771126
    effective_rg:
      bounds: [1.0, .inf]
      constraint_expr: null
      fixed: 0
      value: 106.30326173792623
sample_metadata: {data_file: R2_COOL_0019_dz_bgsub.dat, experiment_id: R2_201611,
  notes: '', sample_id: R2_201611_1479604437, source_wavelength: 0.799898, time: 1479604437.0}
