features: {I_fluctuation: 0.04674738275288599, Ilowq_over_Imean: 8.636755377532483,
  Imax_over_Imean: 40.209376379084254, Imax_sharpness: 1.4965804359704624, best_hump_qwidth: 0.0002768934782435823,
  best_hump_qwidth_log: 0.0015907924222866114, best_trough_qwidth: 0.0012373553496715735,
  best_trough_qwidth_log: 0.0035808682655912387, logI_fluctuation: 4.263191271096683,
  logI_max_over_std: 3.279489763867707, pearson_expq: -0.3251412852255911, pearson_invexpq: 0.3726019353639846,
  pearson_q: -0.3491050159416523, pearson_q2: -0.2645794413517986, q_Icentroid: 0.06572481283951415,
  q_best_hump: 0.05750261286736558, q_best_hump_log: 0.05772643669645838, q_best_trough: 0.033978767937993926,
  q_best_trough_log: 0.03598211407995794, q_logIcentroid: -0.21179145223367235, r_fftIcentroid: 0.06094069707411431}
fit_report:
  converged: 1
  error_weighted: 1
  final_objective: 0.027920916250093294
  fit_snr: 2.8384877768396954
  good_fit: 0
  initial_objective: 0.02798639203012627
  logI_weighted: 1
  q_range: [0.0, .inf]
  source_wavelength: 0.799898
noise:
  model: low_q_scatter
  parameters:
    I0:
      bounds: [0.0, .inf]
      constraint_expr: null
      fixed: 0
      value: 886.9992492099702
    I0_flat_fraction:
      bounds: [0.0, 1.0]
      constraint_expr: null
      fixed: 0
      value: 0.0
    effective_D:
      bounds: [0.0, 4.0]
      constraint_expr: null
      fixed: 0
      value: 1.8515671676389678
    effective_rg:
      bounds: [1.0, .inf]
      constraint_expr: null
      fixed: 0
      value: 112.6709599138701
sample_metadata: {data_file: R2_COOL_0028_dz_bgsub.dat, experiment_id: R2_201611,
  notes: '', sample_id: R2_201611_1479604674, source_wavelength: 0.799898, time: 1479604674.0}
