features: {I_fluctuation: 0.12309486655592844, Ilowq_over_Imean: 8.60402656376916,
  Imax_over_Imean: 39.81359519911033, Imax_sharpness: 1.4712825947372459, best_hump_qwidth: 0.0002844382703472804,
  best_hump_qwidth_log: 0.0016851764646065635, best_trough_qwidth: 0.0012067968090626842,
  best_trough_qwidth_log: 0.0038531697988511016, logI_fluctuation: 4.649374294254952,
  logI_max_over_std: 3.2071225036154005, pearson_expq: -0.32870565339045177, pearson_invexpq: 0.37655520146266286,
  pearson_q: -0.3528706024000339, pearson_q2: -0.26762691440202147, q_Icentroid: 0.06594714886550658,
  q_best_hump: 0.057671031033486586, q_best_hump_log: 0.05793343196643208, q_best_trough: 0.03419950925519688,
  q_best_trough_log: 0.03665691883011779, q_logIcentroid: -0.26850546281110205, r_fftIcentroid: 0.06187430802354062}
fit_report:
  converged: 1
  error_weighted: 1
  final_objective: 0.028567402761771703
  fit_snr: 2.8534789145261894
  good_fit: 0
  initial_objective: 0.028976829807330462
  logI_weighted: 1
  q_range: [0.0, .inf]
  source_wavelength: 0.799898
noise:
  model: low_q_scatter
  parameters:
    I0:
      bounds: [0.0, .inf]
      constraint_expr: null
      fixed: 0
      value: 772.0994949453475
    I0_flat_fraction:
      bounds: [0.0, 1.0]
      constraint_expr: null
      fixed: 0
      value: 0.0
    effective_D:
      bounds: [0.0, 4.0]
      constraint_expr: null
      fixed: 0
      value: 1.8511679322203893
    effective_rg:
      bounds: [1.0, .inf]
      constraint_expr: null
      fixed: 0
      value: 104.08798599937599
sample_metadata: {data_file: R2_COOL_0012_dz_bgsub.dat, experiment_id: R2_201611,
  notes: '', sample_id: R2_201611_1479604253, source_wavelength: 0.799898, time: 1479604253.0}
