features: {I_fluctuation: 0.11300845644914735, Ilowq_over_Imean: 8.5891891764049,
  Imax_over_Imean: 39.64976368757886, Imax_sharpness: 1.4762229990143163, best_hump_qwidth: 0.0002869330490983126,
  best_hump_qwidth_log: 0.0016610126840486809, best_trough_qwidth: 0.0011061139411436517,
  best_trough_qwidth_log: 0.003456107579331385, logI_fluctuation: 3.9425119202083696,
  logI_max_over_std: 3.2734052395680537, pearson_expq: -0.3301988884019389, pearson_invexpq: 0.37825686803268294,
  pearson_q: -0.3544697481275297, pearson_q2: -0.26885313314420245, q_Icentroid: 0.06620854168380723,
  q_best_hump: 0.057733199305436245, q_best_hump_log: 0.05801091942747372, q_best_trough: 0.033935650956236574,
  q_best_trough_log: 0.036104130111248134, q_logIcentroid: -0.21386241828407337, r_fftIcentroid: 0.06251606115706528}
fit_report:
  converged: 1
  error_weighted: 1
  final_objective: 0.02791865750998751
  fit_snr: 2.859359120528643
  good_fit: 0
  initial_objective: 0.028018329377171972
  logI_weighted: 1
  q_range: [0.0, .inf]
  source_wavelength: 0.799898
noise:
  model: low_q_scatter
  parameters:
    I0:
      bounds: [0.0, .inf]
      constraint_expr: null
      fixed: 0
      value: 758.4578593470603
    I0_flat_fraction:
      bounds: [0.0, 1.0]
      constraint_expr: null
      fixed: 0
      value: 0.0
    effective_D:
      bounds: [0.0, 4.0]
      constraint_expr: null
      fixed: 0
      value: 1.8557157420756982
    effective_rg:
      bounds: [1.0, .inf]
      constraint_expr: null
      fixed: 0
      value: 103.12569120137707
sample_metadata: {data_file: R2_COOL_0008_dz_bgsub.dat, experiment_id: R2_201611,
  notes: '', sample_id: R2_201611_1479604148, source_wavelength: 0.799898, time: 1479604148.0}
