features: {I_fluctuation: 0.1148170861673764, Ilowq_over_Imean: 8.566071347797255,
  Imax_over_Imean: 39.50782135342404, Imax_sharpness: 1.4779468240753235, best_hump_qwidth: 0.0002872462385176053,
  best_hump_qwidth_log: 0.0015495060292158285, best_trough_qwidth: 0.0010985828343545673,
  best_trough_qwidth_log: 0.0032291840218072825, logI_fluctuation: 3.8282333262660915,
  logI_max_over_std: 3.5073298335980105, pearson_expq: -0.3308372845009703, pearson_invexpq: 0.3790212391780626,
  pearson_q: -0.3551713763642921, pearson_q2: -0.26933675468015317, q_Icentroid: 0.0667890276646284,
  q_best_hump: 0.05773774033938783, q_best_hump_log: 0.0580115731101587, q_best_trough: 0.033905909327445805,
  q_best_trough_log: 0.03603934795120434, q_logIcentroid: -0.07878550200176426, r_fftIcentroid: 0.06271754738150868}
fit_report:
  converged: 1
  error_weighted: 1
  final_objective: 0.02739069275334753
  fit_snr: 2.854356267933946
  good_fit: 0
  initial_objective: 0.027632870787489248
  logI_weighted: 1
  q_range: [0.0, .inf]
  source_wavelength: 0.799898
noise:
  model: low_q_scatter
  parameters:
    I0:
      bounds: [0.0, .inf]
      constraint_expr: null
      fixed: 0
      value: 732.4687759420897
    I0_flat_fraction:
      bounds: [0.0, 1.0]
      constraint_expr: null
      fixed: 0
      value: 0.0
    effective_D:
      bounds: [0.0, 4.0]
      constraint_expr: null
      fixed: 0
      value: 1.836818850490329
    effective_rg:
      bounds: [1.0, .inf]
      constraint_expr: null
      fixed: 0
      value: 101.68266478806981
sample_metadata: {data_file: R2_COOL_0007_dz_bgsub.dat, experiment_id: R2_201611,
  notes: '', sample_id: R2_201611_1479604122, source_wavelength: 0.799898, time: 1479604122.0}
