features: {I_fluctuation: 0.11876296450599172, Ilowq_over_Imean: 8.553803140917214,
  Imax_over_Imean: 39.4228186749763, Imax_sharpness: 1.4686378789367422, best_hump_qwidth: 0.00028454374994436724,
  best_hump_qwidth_log: 0.0014590716127669244, best_trough_qwidth: 0.0011912316106946171,
  best_trough_qwidth_log: 0.0033250351742296473, logI_fluctuation: 3.0638393372496338,
  logI_max_over_std: 3.692724345795675, pearson_expq: -0.329279850968504, pearson_invexpq: 0.37723305013771297,
  pearson_q: -0.3534966516878147, pearson_q2: -0.2680722978155079, q_Icentroid: 0.06748358936129904,
  q_best_hump: 0.05768589462172308, q_best_hump_log: 0.05795224068610272, q_best_trough: 0.03420030794503237,
  q_best_trough_log: 0.036611733646534916, q_logIcentroid: 0.0008309257658870701,
  r_fftIcentroid: 0.0622120824351113}
fit_report:
  converged: 1
  error_weighted: 1
  final_objective: 0.025744144751840253
  fit_snr: 2.911221596237825
  good_fit: 0
  initial_objective: 0.026268442812960032
  logI_weighted: 1
  q_range: [0.0, .inf]
  source_wavelength: 0.799898
noise:
  model: low_q_scatter
  parameters:
    I0:
      bounds: [0.0, .inf]
      constraint_expr: null
      fixed: 0
      value: 693.4390201111563
    I0_flat_fraction:
      bounds: [0.0, 1.0]
      constraint_expr: null
      fixed: 0
      value: 0.0
    effective_D:
      bounds: [0.0, 4.0]
      constraint_expr: null
      fixed: 0
      value: 1.801777212738227
    effective_rg:
      bounds: [1.0, .inf]
      constraint_expr: null
      fixed: 0
      value: 98.73965827781512
sample_metadata: {data_file: R2_COOL_0011_dz_bgsub.dat, experiment_id: R2_201611,
  notes: '', sample_id: R2_201611_1479604227, source_wavelength: 0.799898, time: 1479604227.0}
