features: {I_fluctuation: 0.04937006022402456, Ilowq_over_Imean: 8.616886688205994,
  Imax_over_Imean: 39.922386915864955, Imax_sharpness: 1.4917492837580775, best_hump_qwidth: 0.0002770366207298435,
  best_hump_qwidth_log: 0.0014932195606545114, best_trough_qwidth: 0.001300481538397144,
  best_trough_qwidth_log: 0.0036290529290123365, logI_fluctuation: 3.6318335425967736,
  logI_max_over_std: 3.4960877758553015, pearson_expq: -0.32576753382828305, pearson_invexpq: 0.3733174307409727,
  pearson_q: -0.3497760267076593, pearson_q2: -0.26509115487660234, q_Icentroid: 0.0662433721503309,
  q_best_hump: 0.05750576991534806, q_best_hump_log: 0.05772463292513136, q_best_trough: 0.0342649365248921,
  q_best_trough_log: 0.03657807485347381, q_logIcentroid: -0.08747023906268393, r_fftIcentroid: 0.06086215963864706}
fit_report:
  converged: 1
  error_weighted: 1
  final_objective: 0.02689442055354908
  fit_snr: 2.887741786265199
  good_fit: 0
  initial_objective: 0.026991731848222032
  logI_weighted: 1
  q_range: [0.0, .inf]
  source_wavelength: 0.799898
noise:
  model: low_q_scatter
  parameters:
    I0:
      bounds: [0.0, .inf]
      constraint_expr: null
      fixed: 0
      value: 827.6903855213328
    I0_flat_fraction:
      bounds: [0.0, 1.0]
      constraint_expr: null
      fixed: 0
      value: 0.0
    effective_D:
      bounds: [0.0, 4.0]
      constraint_expr: null
      fixed: 0
      value: 1.8342414647121674
    effective_rg:
      bounds: [1.0, .inf]
      constraint_expr: null
      fixed: 0
      value: 108.79031586022671
sample_metadata: {data_file: R2_COOL_0027_dz_bgsub.dat, experiment_id: R2_201611,
  notes: '', sample_id: R2_201611_1479604648, source_wavelength: 0.799898, time: 1479604648.0}
