features: {I_fluctuation: 0.04117569852731104, Ilowq_over_Imean: 8.622658835787396,
  Imax_over_Imean: 39.96161322265078, Imax_sharpness: 1.4929272874630313, best_hump_qwidth: 0.00027804431545380763,
  best_hump_qwidth_log: 0.0015653962070477537, best_trough_qwidth: 0.0012882920988118122,
  best_trough_qwidth_log: 0.0038321495558651907, logI_fluctuation: 3.4545894254221237,
  logI_max_over_std: 3.347878527080765, pearson_expq: -0.3257402313803481, pearson_invexpq: 0.37325776817110684,
  pearson_q: -0.3497340709377408, pearson_q2: -0.2651011413715021, q_Icentroid: 0.06593692774604952,
  q_best_hump: 0.057536170430358635, q_best_hump_log: 0.05777407340718449, q_best_trough: 0.03424654754617751,
  q_best_trough_log: 0.03672497891985543, q_logIcentroid: -0.16883164252226654, r_fftIcentroid: 0.061142055134220864}
fit_report:
  converged: 1
  error_weighted: 1
  final_objective: 0.027575033095652644
  fit_snr: 2.8640557064257597
  good_fit: 0
  initial_objective: 0.027583928423789934
  logI_weighted: 1
  q_range: [0.0, .inf]
  source_wavelength: 0.799898
noise:
  model: low_q_scatter
  parameters:
    I0:
      bounds: [0.0, .inf]
      constraint_expr: null
      fixed: 0
      value: 838.686483616652
    I0_flat_fraction:
      bounds: [0.0, 1.0]
      constraint_expr: null
      fixed: 0
      value: 1.4335366782525227e-09
    effective_D:
      bounds: [0.0, 4.0]
      constraint_expr: null
      fixed: 0
      value: 1.847192343139556
    effective_rg:
      bounds: [1.0, .inf]
      constraint_expr: null
      fixed: 0
      value: 109.16069953824558
sample_metadata: {data_file: R2_COOL_0024_dz_bgsub.dat, experiment_id: R2_201611,
  notes: '', sample_id: R2_201611_1479604569, source_wavelength: 0.799898, time: 1479604569.0}
