features: {I_fluctuation: 0.08607348939105454, Ilowq_over_Imean: 8.629528056720172,
  Imax_over_Imean: 39.11103416138693, Imax_sharpness: 1.4918273084670233, best_hump_qwidth: 0.0002717755275524119,
  best_hump_qwidth_log: 0.001447432464292188, best_trough_qwidth: 0.0009918321757986296,
  best_trough_qwidth_log: 0.003284343724756598, logI_fluctuation: 4.951473863060735,
  logI_max_over_std: 3.4334106452704454, pearson_expq: -0.3341534667005079, pearson_invexpq: 0.38334760920492794,
  pearson_q: -0.35898614837576565, pearson_q2: -0.27145434251780953, q_Icentroid: 0.06603476723042663,
  q_best_hump: 0.05829162936198834, q_best_hump_log: 0.05835280552925243, q_best_trough: 0.034056889325536244,
  q_best_trough_log: 0.03655602373026329, q_logIcentroid: -0.1821363227475468, r_fftIcentroid: 0.06487685580313607}
fit_report:
  converged: 1
  error_weighted: 1
  final_objective: 0.030604212882455982
  fit_snr: 2.9047187697193206
  good_fit: 0
  initial_objective: 0.0306613115818018
  logI_weighted: 1
  q_range: [0.0, .inf]
  source_wavelength: 0.799898
noise:
  model: low_q_scatter
  parameters:
    I0:
      bounds: [0.0, .inf]
      constraint_expr: null
      fixed: 0
      value: 601.457060936164
    I0_flat_fraction:
      bounds: [0.0, 1.0]
      constraint_expr: null
      fixed: 0
      value: 7.273735086188449e-06
    effective_D:
      bounds: [0.0, 4.0]
      constraint_expr: null
      fixed: 0
      value: 1.9039752750124963
    effective_rg:
      bounds: [1.0, .inf]
      constraint_expr: null
      fixed: 0
      value: 93.19539334376714
sample_metadata: {data_file: R2_SAXS_0070_dz_bgsub.dat, experiment_id: R2_201611,
  notes: '', sample_id: R2_201611_1479603505, source_wavelength: 0.799898, time: 1479603505.0}
superlattice:
  form: spherical
  parameters:
    I0:
      bounds: [0.0, .inf]
      constraint_expr: null
      fixed: 0
      value: 2.0
    a:
      bounds: [0.1, .inf]
      constraint_expr: null
      fixed: 0
      value: 179.14357607505417
    hwhm_g:
      bounds: [1.0e-09, .inf]
      constraint_expr: null
      fixed: 0
      value: 0.004022295417268951
    hwhm_l:
      bounds: [1.0e-09, .inf]
      constraint_expr: null
      fixed: 0
      value: 0.0005993212998430808
    r:
      bounds: [0.1, .inf]
      constraint_expr: null
      fixed: 0
      value: 55.13628292621005
  settings: {distribution: single, integration_mode: spherical, lattice: F_cubic,
    lorentz_correction: 1, polarization_correction: 1, profile: voigt, q_max: 0.2,
    q_min: 0.0, space_group: Fm-3m, structure_factor_mode: radial, texture: random,
    use_symmetry: 1}
  structure: crystalline
