features: {I_fluctuation: 0.09420365922175965, Ilowq_over_Imean: 8.628010719191531,
  Imax_over_Imean: 39.10508503466368, Imax_sharpness: 1.4908497051174516, best_hump_qwidth: 0.0002692998248759128,
  best_hump_qwidth_log: 0.001399050066092363, best_trough_qwidth: 0.0009612876770876423,
  best_trough_qwidth_log: 0.003102225075839252, logI_fluctuation: 4.483414691599332,
  logI_max_over_std: 3.4931846323291027, pearson_expq: -0.3344096056179284, pearson_invexpq: 0.38381236239720457,
  pearson_q: -0.35934102459630385, pearson_q2: -0.2714714467304523, q_Icentroid: 0.06610713385854668,
  q_best_hump: 0.05820461913264652, q_best_hump_log: 0.05821402830729361, q_best_trough: 0.03404761221433156,
  q_best_trough_log: 0.03639245016958503, q_logIcentroid: -0.14314327292410176, r_fftIcentroid: 0.06483315089996512}
fit_report:
  converged: 1
  error_weighted: 1
  final_objective: 0.03161384537009265
  fit_snr: 2.9066128252988768
  good_fit: 0
  initial_objective: 0.03192645452031107
  logI_weighted: 1
  q_range: [0.0, .inf]
  source_wavelength: 0.799898
noise:
  model: low_q_scatter
  parameters:
    I0:
      bounds: [0.0, .inf]
      constraint_expr: null
      fixed: 0
      value: 747.638157697912
    I0_flat_fraction:
      bounds: [0.0, 1.0]
      constraint_expr: null
      fixed: 0
      value: 0.00010303392094340724
    effective_D:
      bounds: [0.0, 4.0]
      constraint_expr: null
      fixed: 0
      value: 1.9294678686036815
    effective_rg:
      bounds: [1.0, .inf]
      constraint_expr: null
      fixed: 0
      value: 104.02980286720542
sample_metadata: {data_file: R2_SAXS1_0012_dz_bgsub.dat, experiment_id: R2_201611,
  notes: '', sample_id: R2_201611_1479603716, source_wavelength: 0.799898, time: 1479603716.0}
