features: {I_fluctuation: 0.19112223480987006, Ilowq_over_Imean: 6.286939952807474,
  Imax_over_Imean: 28.298537255276354, Imax_sharpness: 1.4736463386562326, best_hump_qwidth: 0.00025139699271933466,
  best_hump_qwidth_log: 0.0013458098170021113, best_trough_qwidth: 0.0022208548650409117,
  best_trough_qwidth_log: 0.004718823461214186, logI_fluctuation: 6.525346879152761,
  logI_max_over_std: 3.009625195964129, pearson_expq: -0.36672711954080656, pearson_invexpq: 0.4117175548257239,
  pearson_q: -0.38989470704084933, pearson_q2: -0.3080636675050009, q_Icentroid: 0.08412826487869901,
  q_best_hump: 0.07499916809863483, q_best_hump_log: 0.07550796043970051, q_best_trough: 0.03925283128384727,
  q_best_trough_log: 0.04107913108499489, q_logIcentroid: -1.2293848229608328, r_fftIcentroid: 0.059932312184558446}
fit_report:
  converged: 1
  error_weighted: 1
  final_objective: 0.035453049093613874
  fit_snr: 3.116471395042238
  good_fit: 0
  initial_objective: 0.036037920958323824
  logI_weighted: 1
  q_range: [0.0, .inf]
  source_wavelength: 0.799898
noise:
  model: low_q_scatter
  parameters:
    I0:
      bounds: [0.0, .inf]
      constraint_expr: null
      fixed: 0
      value: 186.0129899307149
    I0_flat_fraction:
      bounds: [0.0, 1.0]
      constraint_expr: null
      fixed: 0
      value: 3.0531133177191805e-15
    effective_D:
      bounds: [0.0, 4.0]
      constraint_expr: null
      fixed: 0
      value: 1.5141214999897126
    effective_rg:
      bounds: [1.0, .inf]
      constraint_expr: null
      fixed: 0
      value: 103.64355837344375
sample_metadata: {data_file: R2_SAXS_0048_dz_bgsub.dat, experiment_id: R2_201611,
  notes: '', sample_id: R2_201611_1479603258, source_wavelength: 0.799898, time: 1479603258.0}
superlattice:
  form: spherical
  parameters:
    I0:
      bounds: [0.0, .inf]
      constraint_expr: null
      fixed: 0
      value: 2.0
    a:
      bounds: [0.1, .inf]
      constraint_expr: null
      fixed: 0
      value: 143.0987508295141
    hwhm_g:
      bounds: [1.0e-09, .inf]
      constraint_expr: null
      fixed: 0
      value: 0.005584586415878223
    hwhm_l:
      bounds: [1.0e-09, .inf]
      constraint_expr: null
      fixed: 0
      value: 0.0006737461642457587
    r:
      bounds: [0.1, .inf]
      constraint_expr: null
      fixed: 0
      value: 41.217778065385275
  settings: {distribution: single, integration_mode: spherical, lattice: F_cubic,
    lorentz_correction: 1, polarization_correction: 1, profile: voigt, q_max: 0.2,
    q_min: 0.0, space_group: Fm-3m, structure_factor_mode: radial, texture: random,
    use_symmetry: 1}
  structure: crystalline
