features: {I_fluctuation: 0.10120453088441317, Ilowq_over_Imean: 8.64569940786741,
  Imax_over_Imean: 38.63674020550717, Imax_sharpness: 1.4727595680575092, best_hump_qwidth: 0.0002682407680960179,
  best_hump_qwidth_log: 0.0014839171188852065, best_trough_qwidth: 0.001027431916419221,
  best_trough_qwidth_log: 0.0035362821836517687, logI_fluctuation: 4.5909704634851725,
  logI_max_over_std: 3.2790551639222425, pearson_expq: -0.3352517676877687, pearson_invexpq: 0.38416408924623857,
  pearson_q: -0.35996574009162624, pearson_q2: -0.27284725480627964, q_Icentroid: 0.06647640424532392,
  q_best_hump: 0.059268656904473804, q_best_hump_log: 0.059378451328541526, q_best_trough: 0.03425295507450199,
  q_best_trough_log: 0.03700817259959399, q_logIcentroid: -0.34355344553483247, r_fftIcentroid: 0.0638016200520241}
fit_report:
  converged: 1
  error_weighted: 1
  final_objective: 0.028051340914951352
  fit_snr: 2.9591075355277714
  good_fit: 0
  initial_objective: 0.030650807388043398
  logI_weighted: 1
  q_range: [0.0, .inf]
  source_wavelength: 0.799898
noise:
  model: low_q_scatter
  parameters:
    I0:
      bounds: [0.0, .inf]
      constraint_expr: null
      fixed: 0
      value: 492.521822235547
    I0_flat_fraction:
      bounds: [0.0, 1.0]
      constraint_expr: null
      fixed: 0
      value: 2.220446049250313e-16
    effective_D:
      bounds: [0.0, 4.0]
      constraint_expr: null
      fixed: 0
      value: 1.8919727296130318
    effective_rg:
      bounds: [1.0, .inf]
      constraint_expr: null
      fixed: 0
      value: 86.47933377548321
sample_metadata: {data_file: R2_SAXS_0062_dz_bgsub.dat, experiment_id: R2_201611,
  notes: '', sample_id: R2_201611_1479603416, source_wavelength: 0.799898, time: 1479603416.0}
superlattice:
  form: spherical
  parameters:
    I0:
      bounds: [0.0, .inf]
      constraint_expr: null
      fixed: 0
      value: 17.110043116937852
    a:
      bounds: [0.1, .inf]
      constraint_expr: null
      fixed: 0
      value: 176.45769549668134
    hwhm_g:
      bounds: [1.0e-09, .inf]
      constraint_expr: null
      fixed: 0
      value: 0.00411685760358671
    hwhm_l:
      bounds: [1.0e-09, .inf]
      constraint_expr: null
      fixed: 0
      value: 0.000602176746829497
    r:
      bounds: [0.1, .inf]
      constraint_expr: null
      fixed: 0
      value: 54.235587696902364
  settings: {distribution: single, integration_mode: spherical, lattice: F_cubic,
    lorentz_correction: 1, polarization_correction: 1, profile: voigt, q_max: 0.2,
    q_min: 0.0, space_group: Fm-3m, structure_factor_mode: radial, texture: random,
    use_symmetry: 1}
  structure: crystalline
