features: {I_fluctuation: 0.09391692630626325, Ilowq_over_Imean: 8.649054720993792,
  Imax_over_Imean: 39.27034341362013, Imax_sharpness: 1.4921660509123236, best_hump_qwidth: 0.0002697352970473094,
  best_hump_qwidth_log: 0.001495315435241836, best_trough_qwidth: 0.0010479831688503143,
  best_trough_qwidth_log: 0.0037058055206767703, logI_fluctuation: 6.076001047861578,
  logI_max_over_std: 3.2844847534972503, pearson_expq: -0.33433833337539404, pearson_invexpq: 0.3836772178886234,
  pearson_q: -0.35923975309520834, pearson_q2: -0.27147344855650146, q_Icentroid: 0.06534073050951843,
  q_best_hump: 0.05821697837003931, q_best_hump_log: 0.05822742117764362, q_best_trough: 0.03440019724140203,
  q_best_trough_log: 0.037232700784605055, q_logIcentroid: -0.3559890774188233, r_fftIcentroid: 0.064557442304247}
fit_report:
  converged: 1
  error_weighted: 1
  final_objective: 0.03157244554393775
  fit_snr: 2.9020528229914557
  good_fit: 0
  initial_objective: 0.03162269024815918
  logI_weighted: 1
  q_range: [0.0, .inf]
  source_wavelength: 0.799898
noise:
  model: low_q_scatter
  parameters:
    I0:
      bounds: [0.0, .inf]
      constraint_expr: null
      fixed: 0
      value: 704.5451581107538
    I0_flat_fraction:
      bounds: [0.0, 1.0]
      constraint_expr: null
      fixed: 0
      value: 4.9003295796712365e-06
    effective_D:
      bounds: [0.0, 4.0]
      constraint_expr: null
      fixed: 0
      value: 1.928235951322144
    effective_rg:
      bounds: [1.0, .inf]
      constraint_expr: null
      fixed: 0
      value: 100.70606998393829
sample_metadata: {data_file: R2_SAXS1_0006_dz_bgsub.dat, experiment_id: R2_201611,
  notes: '', sample_id: R2_201611_1479603649, source_wavelength: 0.799898, time: 1479603649.0}
