features: {I_fluctuation: 0.09197007466107877, Ilowq_over_Imean: 8.618875888026654,
  Imax_over_Imean: 39.12930627764379, Imax_sharpness: 1.4914212936057185, best_hump_qwidth: 0.00026964213908806426,
  best_hump_qwidth_log: 0.001397456920047358, best_trough_qwidth: 0.0009997891094845493,
  best_trough_qwidth_log: 0.0032454666374018113, logI_fluctuation: 4.543148492500134,
  logI_max_over_std: 3.5157524554893587, pearson_expq: -0.3342049050779536, pearson_invexpq: 0.38350343009372506,
  pearson_q: -0.3590867143165904, pearson_q2: -0.27138795537872884, q_Icentroid: 0.06631962328164248,
  q_best_hump: 0.05821827501775073, q_best_hump_log: 0.058234533951972534, q_best_trough: 0.034100272535701026,
  q_best_trough_log: 0.03665592954294011, q_logIcentroid: -0.11763330935774191, r_fftIcentroid: 0.06461482321082443}
fit_report:
  converged: 1
  error_weighted: 1
  final_objective: 0.03159134531432664
  fit_snr: 2.888288690110946
  good_fit: 0
  initial_objective: 0.031935426407472496
  logI_weighted: 1
  q_range: [0.0, .inf]
  source_wavelength: 0.799898
noise:
  model: low_q_scatter
  parameters:
    I0:
      bounds: [0.0, .inf]
      constraint_expr: null
      fixed: 0
      value: 705.3104245420841
    I0_flat_fraction:
      bounds: [0.0, 1.0]
      constraint_expr: null
      fixed: 0
      value: 7.565293763006631e-05
    effective_D:
      bounds: [0.0, 4.0]
      constraint_expr: null
      fixed: 0
      value: 1.9015799704531795
    effective_rg:
      bounds: [1.0, .inf]
      constraint_expr: null
      fixed: 0
      value: 101.78204306140498
sample_metadata: {data_file: R2_SAXS1_0007_dz_bgsub.dat, experiment_id: R2_201611,
  notes: '', sample_id: R2_201611_1479603660, source_wavelength: 0.799898, time: 1479603660.0}
