features: {I_fluctuation: 0.1010166802550644, Ilowq_over_Imean: 8.017346642910727,
  Imax_over_Imean: 32.091525991332674, Imax_sharpness: 1.478272182685323, best_hump_qwidth: 0.00030928987388815924,
  best_hump_qwidth_log: 0.0017527173483395367, best_trough_qwidth: 0.0013727645451114883,
  best_trough_qwidth_log: 0.004010182104681356, logI_fluctuation: 5.785996120437295,
  logI_max_over_std: 3.0809614499539415, pearson_expq: -0.3530217253286077, pearson_invexpq: 0.39987113888330555,
  pearson_q: -0.3769360612465271, pearson_q2: -0.292561601637319, q_Icentroid: 0.07598275183817677,
  q_best_hump: 0.06785121469973196, q_best_hump_log: 0.06886606655964372, q_best_trough: 0.0362396095313931,
  q_best_trough_log: 0.03935326711754111, q_logIcentroid: -0.8565593100145182, r_fftIcentroid: 0.061446429862779414}
fit_report:
  converged: 1
  error_weighted: 1
  final_objective: 0.029202275713354854
  fit_snr: 3.1513397302081065
  good_fit: 0
  initial_objective: 0.7782020218253747
  logI_weighted: 1
  q_range: [0.0, .inf]
  source_wavelength: 0.799898
noise:
  model: low_q_scatter
  parameters:
    I0:
      bounds: [0.0, .inf]
      constraint_expr: null
      fixed: 0
      value: 481.867784048641
    I0_flat_fraction:
      bounds: [0.0, 1.0]
      constraint_expr: null
      fixed: 0
      value: 0.0
    effective_D:
      bounds: [0.0, 4.0]
      constraint_expr: null
      fixed: 0
      value: 1.689858903615864
    effective_rg:
      bounds: [1.0, .inf]
      constraint_expr: null
      fixed: 0
      value: 129.39189204141405
sample_metadata: {data_file: R2_SAXS_0051_dz_bgsub.dat, experiment_id: R2_201611,
  notes: '', sample_id: R2_201611_1479603292, source_wavelength: 0.799898, time: 1479603292.0}
superlattice:
  form: spherical
  parameters:
    I0:
      bounds: [0.0, .inf]
      constraint_expr: null
      fixed: 0
      value: 5.955047644393104
    a:
      bounds: [0.1, .inf]
      constraint_expr: null
      fixed: 0
      value: 155.38950474562515
    hwhm_g:
      bounds: [1.0e-09, .inf]
      constraint_expr: null
      fixed: 0
      value: 0.004939364326329909
    hwhm_l:
      bounds: [1.0e-09, .inf]
      constraint_expr: null
      fixed: 0
      value: 0.0006156643611593404
    r:
      bounds: [0.1, .inf]
      constraint_expr: null
      fixed: 0
      value: 46.12989852095074
  settings: {distribution: single, integration_mode: spherical, lattice: F_cubic,
    lorentz_correction: 1, polarization_correction: 1, profile: voigt, q_max: 0.2,
    q_min: 0.0, space_group: Fm-3m, structure_factor_mode: radial, texture: random,
    use_symmetry: 1}
  structure: crystalline
