features: {I_fluctuation: 0.10591893368340011, Ilowq_over_Imean: 8.607480288330246,
  Imax_over_Imean: 37.746433053664944, Imax_sharpness: 1.4518159271551418, best_hump_qwidth: 0.00026773975891340225,
  best_hump_qwidth_log: 0.0013792236240766057, best_trough_qwidth: 0.0010536323646580094,
  best_trough_qwidth_log: 0.0034770309998145414, logI_fluctuation: 3.945299936310196,
  logI_max_over_std: 3.4961839219751485, pearson_expq: -0.33644500458330223, pearson_invexpq: 0.38502113059775794,
  pearson_q: -0.3610170275381063, pearson_q2: -0.27439489262023814, q_Icentroid: 0.068457708330256,
  q_best_hump: 0.06034209750625183, q_best_hump_log: 0.06053692608897754, q_best_trough: 0.03452411077664469,
  q_best_trough_log: 0.03789039225778573, q_logIcentroid: -0.13786631472790825, r_fftIcentroid: 0.06344855628246508}
fit_report:
  converged: 1
  error_weighted: 1
  final_objective: 0.02674109337429092
  fit_snr: 2.9538066981150197
  good_fit: 0
  initial_objective: 0.056876755994021116
  logI_weighted: 1
  q_range: [0.0, 0.4]
  source_wavelength: 0.799898
noise:
  model: low_q_scatter
  parameters:
    I0:
      bounds: [0.0, .inf]
      constraint_expr: null
      fixed: 0
      value: 434.0002200438315
    I0_flat_fraction:
      bounds: [0.0, 1.0]
      constraint_expr: null
      fixed: 0
      value: 0.0
    effective_D:
      bounds: [0.0, 4.0]
      constraint_expr: null
      fixed: 0
      value: 1.869720740405049
    effective_rg:
      bounds: [1.0, .inf]
      constraint_expr: null
      fixed: 0
      value: 83.75825148834276
sample_metadata: {data_file: R2_SAXS_0059_dz_bgsub.dat, experiment_id: R2_201611,
  notes: '', sample_id: R2_201611_1479603382, source_wavelength: 0.799898, time: 1479603382.0}
superlattice:
  form: spherical
  parameters:
    I0:
      bounds: [0.0, .inf]
      constraint_expr: null
      fixed: 0
      value: 14.956190359915299
    a:
      bounds: [0.1, .inf]
      constraint_expr: null
      fixed: 0
      value: 173.57672565499524
    hwhm_g:
      bounds: [1.0e-09, .inf]
      constraint_expr: null
      fixed: 0
      value: 0.004226829099263862
    hwhm_l:
      bounds: [1.0e-09, .inf]
      constraint_expr: null
      fixed: 0
      value: 0.0005857824761587027
    r:
      bounds: [0.1, .inf]
      constraint_expr: null
      fixed: 0
      value: 53.20015393877209
  settings: {distribution: single, integration_mode: spherical, lattice: F_cubic,
    lorentz_correction: 1, polarization_correction: 1, profile: voigt, q_max: 0.2,
    q_min: 0.0, space_group: Fm-3m, structure_factor_mode: radial, texture: random,
    use_symmetry: 1}
  structure: crystalline
