features: {I_fluctuation: 0.1322437497053839, Ilowq_over_Imean: 8.64701947006145,
  Imax_over_Imean: 38.63242948677662, Imax_sharpness: 1.4562475290561356, best_hump_qwidth: 0.00028451001115571933,
  best_hump_qwidth_log: 0.001596941586761992, best_trough_qwidth: 0.001047806526005903,
  best_trough_qwidth_log: 0.003692812202794408, logI_fluctuation: 4.869002156276685,
  logI_max_over_std: 3.300939927986818, pearson_expq: -0.33450744032769375, pearson_invexpq: 0.38350229268258895,
  pearson_q: -0.35925282071669024, pearson_q2: -0.2720256654797963, q_Icentroid: 0.06600516906570325,
  q_best_hump: 0.058677183311901804, q_best_hump_log: 0.05892888259394102, q_best_trough: 0.034425078845265966,
  q_best_trough_log: 0.03749929297452359, q_logIcentroid: -0.3262007276717061, r_fftIcentroid: 0.06407851362036496}
fit_report:
  converged: 1
  error_weighted: 1
  final_objective: 0.03052913528090403
  fit_snr: 2.900323478821682
  good_fit: 0
  initial_objective: 0.032197126356873905
  logI_weighted: 1
  q_range: [0.0, .inf]
  source_wavelength: 0.799898
noise:
  model: low_q_scatter
  parameters:
    I0:
      bounds: [0.0, .inf]
      constraint_expr: null
      fixed: 0
      value: 536.9497761814356
    I0_flat_fraction:
      bounds: [0.0, 1.0]
      constraint_expr: null
      fixed: 0
      value: 4.529386865570473e-10
    effective_D:
      bounds: [0.0, 4.0]
      constraint_expr: null
      fixed: 0
      value: 1.9215832223836329
    effective_rg:
      bounds: [1.0, .inf]
      constraint_expr: null
      fixed: 0
      value: 88.80443180423727
sample_metadata: {data_file: R2_SAXS_0064_dz_bgsub.dat, experiment_id: R2_201611,
  notes: '', sample_id: R2_201611_1479603438, source_wavelength: 0.799898, time: 1479603438.0}
superlattice:
  form: spherical
  parameters:
    I0:
      bounds: [0.0, .inf]
      constraint_expr: null
      fixed: 0
      value: 2.0
    a:
      bounds: [0.1, .inf]
      constraint_expr: null
      fixed: 0
      value: 177.71531752633456
    hwhm_g:
      bounds: [1.0e-09, .inf]
      constraint_expr: null
      fixed: 0
      value: 0.00408705023247069
    hwhm_l:
      bounds: [1.0e-09, .inf]
      constraint_expr: null
      fixed: 0
      value: 0.0005950063902971925
    r:
      bounds: [0.1, .inf]
      constraint_expr: null
      fixed: 0
      value: 54.61145411702429
  settings: {distribution: single, integration_mode: spherical, lattice: F_cubic,
    lorentz_correction: 1, polarization_correction: 1, profile: voigt, q_max: 0.2,
    q_min: 0.0, space_group: Fm-3m, structure_factor_mode: radial, texture: random,
    use_symmetry: 1}
  structure: crystalline
