features: {I_fluctuation: 0.1258741049170505, Ilowq_over_Imean: 7.678303489432389,
  Imax_over_Imean: 31.101630967183496, Imax_sharpness: 1.4370012778873336, best_hump_qwidth: 0.00029631980757009757,
  best_hump_qwidth_log: 0.0016203570838667042, best_trough_qwidth: 0.001349470625831767,
  best_trough_qwidth_log: 0.0034478591783733913, logI_fluctuation: 6.432871673809597,
  logI_max_over_std: 3.11055313199657, pearson_expq: -0.3565095709042566, pearson_invexpq: 0.40299216963975215,
  pearson_q: -0.3802835806805545, pearson_q2: -0.2963879383093807, q_Icentroid: 0.07822148330714204,
  q_best_hump: 0.06960905612368695, q_best_hump_log: 0.07057196442810582, q_best_trough: 0.03679757330977673,
  q_best_trough_log: 0.03891011396859784, q_logIcentroid: -0.8223199192330626, r_fftIcentroid: 0.0614386782494586}
fit_report:
  converged: 1
  error_weighted: 1
  final_objective: 0.02912027179621243
  fit_snr: 3.1977170065205422
  good_fit: 0
  initial_objective: 0.45810610665829127
  logI_weighted: 1
  q_range: [0.0, .inf]
  source_wavelength: 0.799898
noise:
  model: low_q_scatter
  parameters:
    I0:
      bounds: [0.0, .inf]
      constraint_expr: null
      fixed: 0
      value: 178.88793629714468
    I0_flat_fraction:
      bounds: [0.0, 1.0]
      constraint_expr: null
      fixed: 0
      value: 0.0
    effective_D:
      bounds: [0.0, 4.0]
      constraint_expr: null
      fixed: 0
      value: 1.6382629146287273
    effective_rg:
      bounds: [1.0, .inf]
      constraint_expr: null
      fixed: 0
      value: 77.25744597754742
sample_metadata: {data_file: R2_SAXS_0050_dz_bgsub.dat, experiment_id: R2_201611,
  notes: '', sample_id: R2_201611_1479603280, source_wavelength: 0.799898, time: 1479603280.0}
superlattice:
  form: spherical
  parameters:
    I0:
      bounds: [0.0, .inf]
      constraint_expr: null
      fixed: 0
      value: 4.532933233347973
    a:
      bounds: [0.1, .inf]
      constraint_expr: null
      fixed: 0
      value: 151.73815245507777
    hwhm_g:
      bounds: [1.0e-09, .inf]
      constraint_expr: null
      fixed: 0
      value: 0.0051281530610521875
    hwhm_l:
      bounds: [1.0e-09, .inf]
      constraint_expr: null
      fixed: 0
      value: 0.0005983901014480209
    r:
      bounds: [0.1, .inf]
      constraint_expr: null
      fixed: 0
      value: 44.68567940421435
  settings: {distribution: single, integration_mode: spherical, lattice: F_cubic,
    lorentz_correction: 1, polarization_correction: 1, profile: voigt, q_max: 0.2,
    q_min: 0.0, space_group: Fm-3m, structure_factor_mode: radial, texture: random,
    use_symmetry: 1}
  structure: crystalline
