features: {I_fluctuation: 0.19528451490849694, Ilowq_over_Imean: 5.088695655002107,
  Imax_over_Imean: 26.27684027901208, Imax_sharpness: 1.4705518227913092, best_hump_qwidth: 0.00027769561984808015,
  best_hump_qwidth_log: 0.0012993680925902007, best_trough_qwidth: 0.00237571853759278,
  best_trough_qwidth_log: 0.003896370816082281, logI_fluctuation: 3.197862648158935,
  logI_max_over_std: 3.4275572217956842, pearson_expq: -0.37492521303223236, pearson_invexpq: 0.4191159373535927,
  pearson_q: -0.3977775804768057, pearson_q2: -0.31697675797778413, q_Icentroid: 0.0923839876883545,
  q_best_hump: 0.07716318098263986, q_best_hump_log: 0.07806372460610564, q_best_trough: 0.04017953104503574,
  q_best_trough_log: 0.041097413892748125, q_logIcentroid: -0.18626737353393719, r_fftIcentroid: 0.059787144308460556}
fit_report:
  converged: 1
  error_weighted: 1
  final_objective: 0.03235753965184538
  fit_snr: 3.1749676953180286
  good_fit: 0
  initial_objective: 0.032407108427582085
  logI_weighted: 1
  q_range: [0.0, .inf]
  source_wavelength: 0.799898
noise:
  model: low_q_scatter
  parameters:
    I0:
      bounds: [0.0, .inf]
      constraint_expr: null
      fixed: 0
      value: 147.6573737688745
    I0_flat_fraction:
      bounds: [0.0, 1.0]
      constraint_expr: null
      fixed: 0
      value: 1.1102230246251565e-15
    effective_D:
      bounds: [0.0, 4.0]
      constraint_expr: null
      fixed: 0
      value: 1.3551979277100532
    effective_rg:
      bounds: [1.0, .inf]
      constraint_expr: null
      fixed: 0
      value: 108.50049592820486
sample_metadata: {data_file: R2_SAXS_0047_dz_bgsub.dat, experiment_id: R2_201611,
  notes: '', sample_id: R2_201611_1479603246, source_wavelength: 0.799898, time: 1479603246.0}
superlattice:
  form: spherical
  parameters:
    I0:
      bounds: [0.0, .inf]
      constraint_expr: null
      fixed: 0
      value: 2.0
    a:
      bounds: [0.1, .inf]
      constraint_expr: null
      fixed: 0
      value: 138.25793387090835
    hwhm_g:
      bounds: [1.0e-09, .inf]
      constraint_expr: null
      fixed: 0
      value: 0.005799282618088264
    hwhm_l:
      bounds: [1.0e-09, .inf]
      constraint_expr: null
      fixed: 0
      value: 0.0007140953163272679
    r:
      bounds: [0.1, .inf]
      constraint_expr: null
      fixed: 0
      value: 39.11060479323265
  settings: {distribution: single, integration_mode: spherical, lattice: F_cubic,
    lorentz_correction: 1, polarization_correction: 1, profile: voigt, q_max: 0.2,
    q_min: 0.0, space_group: Fm-3m, structure_factor_mode: radial, texture: random,
    use_symmetry: 1}
  structure: crystalline
