date_time: '2018-06-28 05:55:42.747764-07:00'
exposure_time: 20.0
flow_reactor_header: {ODE_flowrate: 4.706934583815264, ODE_setpoint: 0.0, Pd_TOP_flowrate: 38.13706254070335,
  Pd_TOP_setpoint: 36.26252787421151, TOP_flowrate: 0.015434421750877959, TOP_setpoint: 0.0,
  T_read_A: 249.9697, T_read_B: 24.88974, T_set_A: 249.9531, T_set_B: null, oleylamine_flowrate: 3.479363145479383,
  oleylamine_setpoint: 4.478389859243796, t_utc: 1530190542.747713, time: '2018-06-28
    05:55:42.747764-07:00'}
source_wavelength: 0.799898
time: 1530190542.747713
