date_time: '2018-06-27 01:59:59.666506-07:00'
exposure_time: 20.0
flow_reactor_header: {ODE_flowrate: 0.0, ODE_setpoint: 0.0, Pd_TOP_flowrate: 80.22460038665812,
  Pd_TOP_setpoint: 80.00000712018003, TOP_flowrate: 0.0, TOP_setpoint: 0.0, T_read_A: 250.0027,
  T_read_B: 25.22839, T_set_A: 250.0, T_set_B: null, oleylamine_flowrate: 0.0015452281358563824,
  oleylamine_setpoint: 0.0, t_utc: 1530089999.666326, time: '2018-06-27 01:59:59.666506-07:00'}
source_wavelength: 0.799898
time: 1530089999.666326
