features: {I_fluctuation: 0.2694070366714244, Ilowq_over_Imean: 2.2687803172523537,
  Imax_over_Imean: 74.83150041253265, Imax_sharpness: 3.0245912435092617, best_hump_qwidth: 0.0002810006813852494,
  best_hump_qwidth_log: 0.0011937360624385048, best_trough_qwidth: 0.007834902261897895,
  best_trough_qwidth_log: 0.005434683568665796, logI_fluctuation: 5.326147692547137,
  logI_max_over_std: 3.853604822939082, pearson_expq: -0.2324037577649541, pearson_invexpq: 0.2581773977497288,
  pearson_q: -0.24586712952693537, pearson_q2: -0.19833227835901282, q_Icentroid: 0.08949779066970762,
  q_best_hump: 0.08077390204105322, q_best_hump_log: 0.08213196604675096, q_best_trough: 0.04220601789300177,
  q_best_trough_log: 0.043957750896273906, q_logIcentroid: -1.298090737479752, r_fftIcentroid: 0.08921066492363502}
fit_report:
  converged: 1
  error_weighted: 1
  final_objective: 0.07262397002213919
  fit_snr: 0.9827663731893406
  good_fit: 1
  initial_objective: 0.07443289592014662
  logI_weighted: 1
  q_range: [0.0, .inf]
  source_wavelength: 0.799898
noise:
  model: low_q_scatter
  parameters:
    I0:
      bounds: [0.0, .inf]
      constraint_expr: null
      fixed: 0
      value: 4316.392050944627
    I0_flat_fraction:
      bounds: [0.0, 1.0]
      constraint_expr: null
      fixed: 0
      value: 8.994345633767109e-05
    effective_D:
      bounds: [0.0, 4.0]
      constraint_expr: null
      fixed: 0
      value: 2.2922522052359042
    effective_rg:
      bounds: [1.0, .inf]
      constraint_expr: null
      fixed: 0
      value: 489.2519281345604
sample_metadata: {data_file: R4_cool_0002_dz_bgsub.dat, experiment_id: R4_201611,
  notes: '', sample_id: R4_201611_1479693236, source_wavelength: 0.799898, time: 1479693236.0}
superlattice:
  form: spherical
  parameters:
    I0:
      bounds: [0.0, .inf]
      constraint_expr: null
      fixed: 0
      value: 8.356789026355411
    a:
      bounds: [0.1, .inf]
      constraint_expr: null
      fixed: 0
      value: 134.27346845099746
    hwhm_g:
      bounds: [1.0e-09, .inf]
      constraint_expr: null
      fixed: 0
      value: 0.0022448736375814127
    hwhm_l:
      bounds: [1.0e-09, .inf]
      constraint_expr: null
      fixed: 0
      value: 0.0009677563424267399
    r:
      bounds: [0.1, .inf]
      constraint_expr: null
      fixed: 0
      value: 39.22989330667591
  settings: {distribution: single, integration_mode: spherical, lattice: F_cubic,
    lorentz_correction: 1, polarization_correction: 1, profile: voigt, q_max: 0.35,
    q_min: 0.0, space_group: Fm-3m, structure_factor_mode: radial, texture: random,
    use_symmetry: 1}
  structure: crystalline
