features: {I_fluctuation: 0.1958978408853257, Ilowq_over_Imean: 2.4358079994210464,
  Imax_over_Imean: 75.75189242725178, Imax_sharpness: 2.969769619199744, best_hump_qwidth: 0.0002679567432624252,
  best_hump_qwidth_log: 0.00099157305645405, best_trough_qwidth: 0.01081677080805642,
  best_trough_qwidth_log: 0.004529854783743946, logI_fluctuation: 4.488904744514296,
  logI_max_over_std: 4.071133825156305, pearson_expq: -0.2248348416862515, pearson_invexpq: 0.24935379096653357,
  pearson_q: -0.23767040719296548, pearson_q2: -0.19233935935283247, q_Icentroid: 0.08989326573083786,
  q_best_hump: 0.08034874291544261, q_best_hump_log: 0.08136329086002692, q_best_trough: 0.04083685915038626,
  q_best_trough_log: 0.04176270500363671, q_logIcentroid: -0.6220291068647162, r_fftIcentroid: 0.08822238729939096}
fit_report:
  converged: 1
  error_weighted: 1
  final_objective: 0.07814797188671742
  fit_snr: 0.8615354271036881
  good_fit: 1
  initial_objective: 0.07838345398934995
  logI_weighted: 1
  q_range: [0.0, .inf]
  source_wavelength: 0.799898
noise:
  model: low_q_scatter
  parameters:
    I0:
      bounds: [0.0, .inf]
      constraint_expr: null
      fixed: 0
      value: 63.859493550915644
    I0_flat_fraction:
      bounds: [0.0, 1.0]
      constraint_expr: null
      fixed: 0
      value: 0.0032239898375553966
    effective_D:
      bounds: [0.0, 4.0]
      constraint_expr: null
      fixed: 0
      value: 1.4220896070828535
    effective_rg:
      bounds: [1.0, .inf]
      constraint_expr: null
      fixed: 0
      value: 113.42488235477269
sample_metadata: {data_file: R4_cool_0029_dz_bgsub.dat, experiment_id: R4_201611,
  notes: '', sample_id: R4_201611_1479693869, source_wavelength: 0.799898, time: 1479693869.0}
superlattice:
  form: spherical
  parameters:
    I0:
      bounds: [0.0, .inf]
      constraint_expr: null
      fixed: 0
      value: 6.689559353041345
    a:
      bounds: [0.1, .inf]
      constraint_expr: null
      fixed: 0
      value: 135.70762734599234
    hwhm_g:
      bounds: [1.0e-09, .inf]
      constraint_expr: null
      fixed: 0
      value: 0.0026066185399259423
    hwhm_l:
      bounds: [1.0e-09, .inf]
      constraint_expr: null
      fixed: 0
      value: 0.0007218523588427006
    r:
      bounds: [0.1, .inf]
      constraint_expr: null
      fixed: 0
      value: 39.22059301226773
  settings: {distribution: single, integration_mode: spherical, lattice: F_cubic,
    lorentz_correction: 1, polarization_correction: 1, profile: voigt, q_max: 0.35,
    q_min: 0.0, space_group: Fm-3m, structure_factor_mode: radial, texture: random,
    use_symmetry: 1}
  structure: crystalline
