features: {I_fluctuation: 0.44918612227260385, Ilowq_over_Imean: 2.313987089596633,
  Imax_over_Imean: 71.93291291346893, Imax_sharpness: 2.8301473783647784, best_hump_qwidth: 0.00027145085997491676,
  best_hump_qwidth_log: 0.0009926523025742503, best_trough_qwidth: 0.014857298066134195,
  best_trough_qwidth_log: 0.006017611616193403, logI_fluctuation: 4.028596966285108,
  logI_max_over_std: 4.203961112679587, pearson_expq: -0.22640757669990047, pearson_invexpq: 0.2509972172742407,
  pearson_q: -0.23928350367556148, pearson_q2: -0.19379603098485781, q_Icentroid: 0.09121702181352312,
  q_best_hump: 0.08047911328558158, q_best_hump_log: 0.08159759018413146, q_best_trough: 0.04255193583082861,
  q_best_trough_log: 0.04362651429087133, q_logIcentroid: -0.2771716930134795, r_fftIcentroid: 0.08819511475780598}
fit_report:
  converged: 1
  error_weighted: 1
  final_objective: 0.07359390278874803
  fit_snr: 0.8975874225729175
  good_fit: 1
  initial_objective: 0.07643923868510107
  logI_weighted: 1
  q_range: [0.0, .inf]
  source_wavelength: 0.799898
noise:
  model: low_q_scatter
  parameters:
    I0:
      bounds: [0.0, .inf]
      constraint_expr: null
      fixed: 0
      value: 47.78927294371935
    I0_flat_fraction:
      bounds: [0.0, 1.0]
      constraint_expr: null
      fixed: 0
      value: 0.005205399691652068
    effective_D:
      bounds: [0.0, 4.0]
      constraint_expr: null
      fixed: 0
      value: 1.3398011433163215
    effective_rg:
      bounds: [1.0, .inf]
      constraint_expr: null
      fixed: 0
      value: 102.20611913216405
sample_metadata: {data_file: R4_cool_0016_dz_bgsub.dat, experiment_id: R4_201611,
  notes: '', sample_id: R4_201611_1479693566, source_wavelength: 0.799898, time: 1479693566.0}
superlattice:
  form: spherical
  parameters:
    I0:
      bounds: [0.0, .inf]
      constraint_expr: null
      fixed: 0
      value: 7.260104437076832
    a:
      bounds: [0.1, .inf]
      constraint_expr: null
      fixed: 0
      value: 135.23980840142062
    hwhm_g:
      bounds: [1.0e-09, .inf]
      constraint_expr: null
      fixed: 0
      value: 0.002503867132617299
    hwhm_l:
      bounds: [1.0e-09, .inf]
      constraint_expr: null
      fixed: 0
      value: 0.0007910823682649726
    r:
      bounds: [0.1, .inf]
      constraint_expr: null
      fixed: 0
      value: 39.246560684856554
  settings: {distribution: single, integration_mode: spherical, lattice: F_cubic,
    lorentz_correction: 1, polarization_correction: 1, profile: voigt, q_max: 0.35,
    q_min: 0.0, space_group: Fm-3m, structure_factor_mode: radial, texture: random,
    use_symmetry: 1}
  structure: crystalline
