features: {I_fluctuation: 0.23624048763584632, Ilowq_over_Imean: 2.22305413460197,
  Imax_over_Imean: 74.19808091285432, Imax_sharpness: 3.015296918628937, best_hump_qwidth: 0.0002824087152740242,
  best_hump_qwidth_log: 0.0011232587709566735, best_trough_qwidth: 0.009242689650575987,
  best_trough_qwidth_log: 0.005596542254911898, logI_fluctuation: 4.689665678051806,
  logI_max_over_std: 4.145212662090548, pearson_expq: -0.23145673568689226, pearson_invexpq: 0.2570995196612069,
  pearson_q: -0.24485373786710346, pearson_q2: -0.19755324638604202, q_Icentroid: 0.09113729667514131,
  q_best_hump: 0.08080883324980206, q_best_hump_log: 0.08219878056663263, q_best_trough: 0.0428153713909693,
  q_best_trough_log: 0.04456256953987453, q_logIcentroid: -0.3240149851301027, r_fftIcentroid: 0.08923885696862424}
fit_report:
  converged: 1
  error_weighted: 1
  final_objective: 0.071323857672507
  fit_snr: 0.9882415917669106
  good_fit: 1
  initial_objective: 0.1958286490470015
  logI_weighted: 1
  q_range: [0.0, .inf]
  source_wavelength: 0.799898
noise:
  model: low_q_scatter
  parameters:
    I0:
      bounds: [0.0, .inf]
      constraint_expr: null
      fixed: 0
      value: 5988.540872712754
    I0_flat_fraction:
      bounds: [0.0, 1.0]
      constraint_expr: null
      fixed: 0
      value: 7.812242380877965e-05
    effective_D:
      bounds: [0.0, 4.0]
      constraint_expr: null
      fixed: 0
      value: 2.1612967089467765
    effective_rg:
      bounds: [1.0, .inf]
      constraint_expr: null
      fixed: 0
      value: 660.2155847639042
sample_metadata: {data_file: R4_cool_0001_dz_bgsub.dat, experiment_id: R4_201611,
  notes: '', sample_id: R4_201611_1479693213, source_wavelength: 0.799898, time: 1479693213.0}
superlattice:
  form: spherical
  parameters:
    I0:
      bounds: [0.0, .inf]
      constraint_expr: null
      fixed: 0
      value: 8.531171497078791
    a:
      bounds: [0.1, .inf]
      constraint_expr: null
      fixed: 0
      value: 134.15458988223634
    hwhm_g:
      bounds: [1.0e-09, .inf]
      constraint_expr: null
      fixed: 0
      value: 0.0022359347624872905
    hwhm_l:
      bounds: [1.0e-09, .inf]
      constraint_expr: null
      fixed: 0
      value: 0.0009603709462712162
    r:
      bounds: [0.1, .inf]
      constraint_expr: null
      fixed: 0
      value: 39.225499919333515
  settings: {distribution: single, integration_mode: spherical, lattice: F_cubic,
    lorentz_correction: 1, polarization_correction: 1, profile: voigt, q_max: 0.4,
    q_min: 0.0, space_group: Fm-3m, structure_factor_mode: radial, texture: random,
    use_symmetry: 1}
  structure: crystalline
