features: {I_fluctuation: 0.2629551442538908, Ilowq_over_Imean: 2.5828635077081246,
  Imax_over_Imean: 77.2006014732406, Imax_sharpness: 2.989900356272295, best_hump_qwidth: 0.00026511088087701693,
  best_hump_qwidth_log: 0.001009615821595656, best_trough_qwidth: 0.011617741721484123,
  best_trough_qwidth_log: 0.004708707901184802, logI_fluctuation: 5.850837767042986,
  logI_max_over_std: 3.869671265776222, pearson_expq: -0.22447316689493482, pearson_invexpq: 0.249054590167639,
  pearson_q: -0.23733899101063727, pearson_q2: -0.19191869248857293, q_Icentroid: 0.08877437428152056,
  q_best_hump: 0.08024067814764796, q_best_hump_log: 0.08116091320764213, q_best_trough: 0.040558988730779955,
  q_best_trough_log: 0.04126941442899279, q_logIcentroid: -5.497651153968714, r_fftIcentroid: 0.08719343149479611}
fit_report:
  converged: 1
  error_weighted: 1
  final_objective: 0.07724677050687272
  fit_snr: 0.8664327668884602
  good_fit: 1
  initial_objective: 0.07724677050687292
  logI_weighted: 1
  q_range: [0.0, .inf]
  source_wavelength: 0.799898
noise:
  model: low_q_scatter
  parameters:
    I0:
      bounds: [0.0, .inf]
      constraint_expr: null
      fixed: 0
      value: 28989.803949627338
    I0_flat_fraction:
      bounds: [0.0, 1.0]
      constraint_expr: null
      fixed: 0
      value: 4.981257019087693e-06
    effective_D:
      bounds: [0.0, 4.0]
      constraint_expr: null
      fixed: 0
      value: 1.372321316789984
    effective_rg:
      bounds: [1.0, .inf]
      constraint_expr: null
      fixed: 0
      value: 11199.08420219409
sample_metadata: {data_file: R4_cool2_0003_dz_bgsub.dat, experiment_id: R4_201611,
  notes: '', sample_id: R4_201611_1479694434, source_wavelength: 0.799898, time: 1479694434.0}
superlattice:
  form: spherical
  parameters:
    I0:
      bounds: [0.0, .inf]
      constraint_expr: null
      fixed: 0
      value: 6.032731847790328
    a:
      bounds: [0.1, .inf]
      constraint_expr: null
      fixed: 0
      value: 136.06845389604467
    hwhm_g:
      bounds: [1.0e-09, .inf]
      constraint_expr: null
      fixed: 0
      value: 0.0026252066902437976
    hwhm_l:
      bounds: [1.0e-09, .inf]
      constraint_expr: null
      fixed: 0
      value: 0.0007191613149050147
    r:
      bounds: [0.1, .inf]
      constraint_expr: null
      fixed: 0
      value: 39.1979638265336
  settings: {distribution: single, integration_mode: spherical, lattice: F_cubic,
    lorentz_correction: 1, polarization_correction: 1, profile: voigt, q_max: 0.4,
    q_min: 0.0, space_group: Fm-3m, structure_factor_mode: radial, texture: random,
    use_symmetry: 1}
  structure: crystalline
