features: {I_fluctuation: 0.1819044730803408, Ilowq_over_Imean: 2.425147896363388,
  Imax_over_Imean: 75.67501255225152, Imax_sharpness: 2.9545833088906353, best_hump_qwidth: 0.0002681325438051157,
  best_hump_qwidth_log: 0.001053706078491151, best_trough_qwidth: 0.011344573131531652,
  best_trough_qwidth_log: 0.0048394401972629945, logI_fluctuation: 5.699753307418451,
  logI_max_over_std: 3.825810186879166, pearson_expq: -0.22490617362015805, pearson_invexpq: 0.2494150511278757,
  pearson_q: -0.23773848947130036, pearson_q2: -0.19242143153345412, q_Icentroid: 0.08891355278947446,
  q_best_hump: 0.08036334971771811, q_best_hump_log: 0.08138729272478401, q_best_trough: 0.04134998706760401,
  q_best_trough_log: 0.04230949458361155, q_logIcentroid: -2.373780258117023, r_fftIcentroid: 0.08798897242511824}
fit_report:
  converged: 1
  error_weighted: 1
  final_objective: 0.07809566465034101
  fit_snr: 0.8612938459673235
  good_fit: 1
  initial_objective: 0.07818631083490019
  logI_weighted: 1
  q_range: [0.0, .inf]
  source_wavelength: 0.799898
noise:
  model: low_q_scatter
  parameters:
    I0:
      bounds: [0.0, .inf]
      constraint_expr: null
      fixed: 0
      value: 58.252237962795576
    I0_flat_fraction:
      bounds: [0.0, 1.0]
      constraint_expr: null
      fixed: 0
      value: 0.001892899504403911
    effective_D:
      bounds: [0.0, 4.0]
      constraint_expr: null
      fixed: 0
      value: 1.3975517350914952
    effective_rg:
      bounds: [1.0, .inf]
      constraint_expr: null
      fixed: 0
      value: 107.56003834544305
sample_metadata: {data_file: R4_cool_0027_dz_bgsub.dat, experiment_id: R4_201611,
  notes: '', sample_id: R4_201611_1479693823, source_wavelength: 0.799898, time: 1479693823.0}
superlattice:
  form: spherical
  parameters:
    I0:
      bounds: [0.0, .inf]
      constraint_expr: null
      fixed: 0
      value: 6.629952006771334
    a:
      bounds: [0.1, .inf]
      constraint_expr: null
      fixed: 0
      value: 135.6472544499697
    hwhm_g:
      bounds: [1.0e-09, .inf]
      constraint_expr: null
      fixed: 0
      value: 0.002612243037656614
    hwhm_l:
      bounds: [1.0e-09, .inf]
      constraint_expr: null
      fixed: 0
      value: 0.0007184256405255995
    r:
      bounds: [0.1, .inf]
      constraint_expr: null
      fixed: 0
      value: 39.19848554582796
  settings: {distribution: single, integration_mode: spherical, lattice: F_cubic,
    lorentz_correction: 1, polarization_correction: 1, profile: voigt, q_max: 0.35,
    q_min: 0.0, space_group: Fm-3m, structure_factor_mode: radial, texture: random,
    use_symmetry: 1}
  structure: crystalline
