features: {I_fluctuation: 0.23642520540218345, Ilowq_over_Imean: 2.4888468638945436,
  Imax_over_Imean: 76.57591191941921, Imax_sharpness: 2.9800531982222442, best_hump_qwidth: 0.0002665309704619837,
  best_hump_qwidth_log: 0.001034710430620865, best_trough_qwidth: 0.013326339577493466,
  best_trough_qwidth_log: 0.0054628652518999826, logI_fluctuation: 5.152485045101905,
  logI_max_over_std: 3.8477297271409743, pearson_expq: -0.2248063210636657, pearson_invexpq: 0.24931339974507158,
  pearson_q: -0.23763759857113825, pearson_q2: -0.1923259622579306, q_Icentroid: 0.08890941866533342,
  q_best_hump: 0.08030594405895938, q_best_hump_log: 0.0812924854558485, q_best_trough: 0.041325571637183534,
  q_best_trough_log: 0.042288146828751205, q_logIcentroid: -2.380349905637942, r_fftIcentroid: 0.08742161268641152}
fit_report:
  converged: 1
  error_weighted: 1
  final_objective: 0.07752101505662241
  fit_snr: 0.8622182329333455
  good_fit: 1
  initial_objective: 0.07759524244122142
  logI_weighted: 1
  q_range: [0.0, .inf]
  source_wavelength: 0.799898
noise:
  model: low_q_scatter
  parameters:
    I0:
      bounds: [0.0, .inf]
      constraint_expr: null
      fixed: 0
      value: 62.936308690224074
    I0_flat_fraction:
      bounds: [0.0, 1.0]
      constraint_expr: null
      fixed: 0
      value: 0.0012562667361918911
    effective_D:
      bounds: [0.0, 4.0]
      constraint_expr: null
      fixed: 0
      value: 1.3064563396456292
    effective_rg:
      bounds: [1.0, .inf]
      constraint_expr: null
      fixed: 0
      value: 131.5239534125258
sample_metadata: {data_file: R4_cool_0035_dz_bgsub.dat, experiment_id: R4_201611,
  notes: '', sample_id: R4_201611_1479694009, source_wavelength: 0.799898, time: 1479694009.0}
superlattice:
  form: spherical
  parameters:
    I0:
      bounds: [0.0, .inf]
      constraint_expr: null
      fixed: 0
      value: 6.622373885020479
    a:
      bounds: [0.1, .inf]
      constraint_expr: null
      fixed: 0
      value: 135.83822362970218
    hwhm_g:
      bounds: [1.0e-09, .inf]
      constraint_expr: null
      fixed: 0
      value: 0.0026161269640679885
    hwhm_l:
      bounds: [1.0e-09, .inf]
      constraint_expr: null
      fixed: 0
      value: 0.0007248730272496617
    r:
      bounds: [0.1, .inf]
      constraint_expr: null
      fixed: 0
      value: 39.20911250378875
  settings: {distribution: single, integration_mode: spherical, lattice: F_cubic,
    lorentz_correction: 1, polarization_correction: 1, profile: voigt, q_max: 0.35,
    q_min: 0.0, space_group: Fm-3m, structure_factor_mode: radial, texture: random,
    use_symmetry: 1}
  structure: crystalline
