features: {I_fluctuation: 0.42322166926842775, Ilowq_over_Imean: 2.312084008339556,
  Imax_over_Imean: 73.54959765159649, Imax_sharpness: 2.892484031760834, best_hump_qwidth: 0.00027309653557507785,
  best_hump_qwidth_log: 0.0011221085522756726, best_trough_qwidth: 0.013022215347803224,
  best_trough_qwidth_log: 0.0059431551891955415, logI_fluctuation: 5.959351070127312,
  logI_max_over_std: 3.7885405068795923, pearson_expq: -0.22771313044528735, pearson_invexpq: 0.2524279622907212,
  pearson_q: -0.2406530942611176, pearson_q2: -0.1949302191626787, q_Icentroid: 0.08939132078011179,
  q_best_hump: 0.08051881623835885, q_best_hump_log: 0.08165986916567886, q_best_trough: 0.041455792559890736,
  q_best_trough_log: 0.04199944389550514, q_logIcentroid: -1.4331882516230166, r_fftIcentroid: 0.08856574403671273}
fit_report:
  converged: 1
  error_weighted: 1
  final_objective: 0.07436020759119649
  fit_snr: 0.9101557784028632
  good_fit: 1
  initial_objective: 0.07448046002021455
  logI_weighted: 1
  q_range: [0.0, .inf]
  source_wavelength: 0.799898
noise:
  model: low_q_scatter
  parameters:
    I0:
      bounds: [0.0, .inf]
      constraint_expr: null
      fixed: 0
      value: 39.7544517904265
    I0_flat_fraction:
      bounds: [0.0, 1.0]
      constraint_expr: null
      fixed: 0
      value: 0.0006377118216667754
    effective_D:
      bounds: [0.0, 4.0]
      constraint_expr: null
      fixed: 0
      value: 1.2410696972277488
    effective_rg:
      bounds: [1.0, .inf]
      constraint_expr: null
      fixed: 0
      value: 90.97922114982221
sample_metadata: {data_file: R4_cool_0013_dz_bgsub.dat, experiment_id: R4_201611,
  notes: '', sample_id: R4_201611_1479693494, source_wavelength: 0.799898, time: 1479693494.0}
superlattice:
  form: spherical
  parameters:
    I0:
      bounds: [0.0, .inf]
      constraint_expr: null
      fixed: 0
      value: 7.517180405228645
    a:
      bounds: [0.1, .inf]
      constraint_expr: null
      fixed: 0
      value: 135.12303299871192
    hwhm_g:
      bounds: [1.0e-09, .inf]
      constraint_expr: null
      fixed: 0
      value: 0.002430146509008302
    hwhm_l:
      bounds: [1.0e-09, .inf]
      constraint_expr: null
      fixed: 0
      value: 0.0008326177134408974
    r:
      bounds: [0.1, .inf]
      constraint_expr: null
      fixed: 0
      value: 39.190698721024795
  settings: {distribution: single, integration_mode: spherical, lattice: F_cubic,
    lorentz_correction: 1, polarization_correction: 1, profile: voigt, q_max: 0.35,
    q_min: 0.0, space_group: Fm-3m, structure_factor_mode: radial, texture: random,
    use_symmetry: 1}
  structure: crystalline
