features: {I_fluctuation: 0.08901157874255533, Ilowq_over_Imean: 2.3255338726741055,
  Imax_over_Imean: 72.1907140152733, Imax_sharpness: 2.8654559580322556, best_hump_qwidth: 0.0002708896435711071,
  best_hump_qwidth_log: 0.0009996010559561819, best_trough_qwidth: 0.015253170329439646,
  best_trough_qwidth_log: 0.006116775920889562, logI_fluctuation: 4.1712721568051965,
  logI_max_over_std: 4.135604351558696, pearson_expq: -0.22590448218775286, pearson_invexpq: 0.2504422307230915,
  pearson_q: -0.23875376410177576, pearson_q2: -0.1933627798537231, q_Icentroid: 0.09073466729585963,
  q_best_hump: 0.08045811623732055, q_best_hump_log: 0.08156123956318118, q_best_trough: 0.042277644563126604,
  q_best_trough_log: 0.043212846714131836, q_logIcentroid: -0.37023833035129783, r_fftIcentroid: 0.08824566762903571}
fit_report:
  converged: 1
  error_weighted: 1
  final_objective: 0.07484663132118352
  fit_snr: 0.8843888401060304
  good_fit: 1
  initial_objective: 0.07635501072352698
  logI_weighted: 1
  q_range: [0.0, .inf]
  source_wavelength: 0.799898
noise:
  model: low_q_scatter
  parameters:
    I0:
      bounds: [0.0, .inf]
      constraint_expr: null
      fixed: 0
      value: 47.28786771895687
    I0_flat_fraction:
      bounds: [0.0, 1.0]
      constraint_expr: null
      fixed: 0
      value: 0.0037281719679103653
    effective_D:
      bounds: [0.0, 4.0]
      constraint_expr: null
      fixed: 0
      value: 1.2848372371395644
    effective_rg:
      bounds: [1.0, .inf]
      constraint_expr: null
      fixed: 0
      value: 105.11830498436996
sample_metadata: {data_file: R4_cool_0018_dz_bgsub.dat, experiment_id: R4_201611,
  notes: '', sample_id: R4_201611_1479693613, source_wavelength: 0.799898, time: 1479693613.0}
superlattice:
  form: spherical
  parameters:
    I0:
      bounds: [0.0, .inf]
      constraint_expr: null
      fixed: 0
      value: 7.158478171054735
    a:
      bounds: [0.1, .inf]
      constraint_expr: null
      fixed: 0
      value: 135.32303803359787
    hwhm_g:
      bounds: [1.0e-09, .inf]
      constraint_expr: null
      fixed: 0
      value: 0.0025223614889832158
    hwhm_l:
      bounds: [1.0e-09, .inf]
      constraint_expr: null
      fixed: 0
      value: 0.0007775964859543238
    r:
      bounds: [0.1, .inf]
      constraint_expr: null
      fixed: 0
      value: 39.22021756068842
  settings: {distribution: single, integration_mode: spherical, lattice: F_cubic,
    lorentz_correction: 1, polarization_correction: 1, profile: voigt, q_max: 0.35,
    q_min: 0.0, space_group: Fm-3m, structure_factor_mode: radial, texture: random,
    use_symmetry: 1}
  structure: crystalline
