features: {I_fluctuation: 0.4128214722610666, Ilowq_over_Imean: 2.2963707413551377,
  Imax_over_Imean: 73.97306295384207, Imax_sharpness: 2.9124099763873605, best_hump_qwidth: 0.00027342071878868577,
  best_hump_qwidth_log: 0.0011183783072146875, best_trough_qwidth: 0.014808347420381814,
  best_trough_qwidth_log: 0.007033797985564271, logI_fluctuation: 5.549480146291247,
  logI_max_over_std: 3.823248637856015, pearson_expq: -0.22793141571438597, pearson_invexpq: 0.2526779206625068,
  pearson_q: -0.2408883602456926, pearson_q2: -0.19510886211624665, q_Icentroid: 0.0895057207368496,
  q_best_hump: 0.08053462019722385, q_best_hump_log: 0.08168627214861499, q_best_trough: 0.042408144947325754,
  q_best_trough_log: 0.04353288896738039, q_logIcentroid: -1.3232021808723855, r_fftIcentroid: 0.08887279216556639}
fit_report:
  converged: 1
  error_weighted: 1
  final_objective: 0.07408504636095173
  fit_snr: 0.9068569801176969
  good_fit: 1
  initial_objective: 0.07457713665258722
  logI_weighted: 1
  q_range: [0.0, .inf]
  source_wavelength: 0.799898
noise:
  model: low_q_scatter
  parameters:
    I0:
      bounds: [0.0, .inf]
      constraint_expr: null
      fixed: 0
      value: 40.391055163382546
    I0_flat_fraction:
      bounds: [0.0, 1.0]
      constraint_expr: null
      fixed: 0
      value: 0.0011599520250353268
    effective_D:
      bounds: [0.0, 4.0]
      constraint_expr: null
      fixed: 0
      value: 1.2627303985281668
    effective_rg:
      bounds: [1.0, .inf]
      constraint_expr: null
      fixed: 0
      value: 90.56364915853263
sample_metadata: {data_file: R4_cool_0012_dz_bgsub.dat, experiment_id: R4_201611,
  notes: '', sample_id: R4_201611_1479693471, source_wavelength: 0.799898, time: 1479693471.0}
superlattice:
  form: spherical
  parameters:
    I0:
      bounds: [0.0, .inf]
      constraint_expr: null
      fixed: 0
      value: 7.469480431938354
    a:
      bounds: [0.1, .inf]
      constraint_expr: null
      fixed: 0
      value: 135.0589124610962
    hwhm_g:
      bounds: [1.0e-09, .inf]
      constraint_expr: null
      fixed: 0
      value: 0.0024448864878238163
    hwhm_l:
      bounds: [1.0e-09, .inf]
      constraint_expr: null
      fixed: 0
      value: 0.0008277501509080798
    r:
      bounds: [0.1, .inf]
      constraint_expr: null
      fixed: 0
      value: 39.19420782311174
  settings: {distribution: single, integration_mode: spherical, lattice: F_cubic,
    lorentz_correction: 1, polarization_correction: 1, profile: voigt, q_max: 0.35,
    q_min: 0.0, space_group: Fm-3m, structure_factor_mode: radial, texture: random,
    use_symmetry: 1}
  structure: crystalline
