features: {I_fluctuation: 0.33143741447218195, Ilowq_over_Imean: 3.205345781914097,
  Imax_over_Imean: 70.16598899255136, Imax_sharpness: 2.9256229127575026, best_hump_qwidth: 0.00026474791787465445,
  best_hump_qwidth_log: 0.0011409245623855112, best_trough_qwidth: 0.002943372812380001,
  best_trough_qwidth_log: 0.004127506088243403, logI_fluctuation: 4.837849507680954,
  logI_max_over_std: 4.046302785815874, pearson_expq: -0.24752063568595545, pearson_invexpq: 0.27629385004466767,
  pearson_q: -0.26245110516337306, pearson_q2: -0.20973452788815417, q_Icentroid: 0.08420345334005375,
  q_best_hump: 0.08014360106637894, q_best_hump_log: 0.08093307457847002, q_best_trough: 0.04244995636438914,
  q_best_trough_log: 0.04632270290701673, q_logIcentroid: 0.0588123226716628, r_fftIcentroid: 0.08947589259532211}
fit_report:
  converged: 1
  error_weighted: 1
  final_objective: 0.07660262677484664
  fit_snr: 0.940641543284389
  good_fit: 1
  initial_objective: 0.08033171580428984
  logI_weighted: 1
  q_range: [0.0, .inf]
  source_wavelength: 0.799898
noise:
  model: low_q_scatter
  parameters:
    I0:
      bounds: [0.0, .inf]
      constraint_expr: null
      fixed: 0
      value: 17702.10029934911
    I0_flat_fraction:
      bounds: [0.0, 1.0]
      constraint_expr: null
      fixed: 0
      value: 2.7887454057018424e-05
    effective_D:
      bounds: [0.0, 4.0]
      constraint_expr: null
      fixed: 0
      value: 2.185354265238857
    effective_rg:
      bounds: [1.0, .inf]
      constraint_expr: null
      fixed: 0
      value: 370.4791832841005
sample_metadata: {data_file: R4_coolfinal20s_0002_dz_bgsub.dat, experiment_id: R4_201611,
  notes: '', sample_id: R4_201611_1479696830, source_wavelength: 0.799898, time: 1479696830.0}
superlattice:
  form: spherical
  parameters:
    I0:
      bounds: [0.0, .inf]
      constraint_expr: null
      fixed: 0
      value: 19.4479767055517
    a:
      bounds: [0.1, .inf]
      constraint_expr: null
      fixed: 0
      value: 136.3229399961407
    hwhm_g:
      bounds: [1.0e-09, .inf]
      constraint_expr: null
      fixed: 0
      value: 0.002702038987263289
    hwhm_l:
      bounds: [1.0e-09, .inf]
      constraint_expr: null
      fixed: 0
      value: 0.0006843445692882311
    r:
      bounds: [0.1, .inf]
      constraint_expr: null
      fixed: 0
      value: 39.242607196615026
  settings: {distribution: single, integration_mode: spherical, lattice: F_cubic,
    lorentz_correction: 1, polarization_correction: 1, profile: voigt, q_max: 0.35,
    q_min: 0.0, space_group: Fm-3m, structure_factor_mode: radial, texture: random,
    use_symmetry: 1}
  structure: crystalline
