features: {I_fluctuation: 0.3001311623948485, Ilowq_over_Imean: 2.3137308715700295,
  Imax_over_Imean: 74.98940355322176, Imax_sharpness: 3.0284316408428764, best_hump_qwidth: 0.0002786013799795804,
  best_hump_qwidth_log: 0.0011465425048659149, best_trough_qwidth: 0.008700375404404036,
  best_trough_qwidth_log: 0.005489114882267358, logI_fluctuation: 4.774325403524596,
  logI_max_over_std: 3.937615904395878, pearson_expq: -0.23259699298709535, pearson_invexpq: 0.25836093478457256,
  pearson_q: -0.246055344000878, pearson_q2: -0.19853051616983677, q_Icentroid: 0.08960209748859405,
  q_best_hump: 0.08069953583901118, q_best_hump_log: 0.08197698577144483, q_best_trough: 0.0422113828849493,
  q_best_trough_log: 0.04352800750642727, q_logIcentroid: -0.723308719987371, r_fftIcentroid: 0.08925795457903259}
fit_report:
  converged: 1
  error_weighted: 1
  final_objective: 0.07166889201558563
  fit_snr: 0.966867769339172
  good_fit: 1
  initial_objective: 0.07275671258006383
  logI_weighted: 1
  q_range: [0.0, .inf]
  source_wavelength: 0.799898
noise:
  model: low_q_scatter
  parameters:
    I0:
      bounds: [0.0, .inf]
      constraint_expr: null
      fixed: 0
      value: 4190.72444135559
    I0_flat_fraction:
      bounds: [0.0, 1.0]
      constraint_expr: null
      fixed: 0
      value: 8.493843086887498e-05
    effective_D:
      bounds: [0.0, 4.0]
      constraint_expr: null
      fixed: 0
      value: 1.9650995292574813
    effective_rg:
      bounds: [1.0, .inf]
      constraint_expr: null
      fixed: 0
      value: 670.9408850524067
sample_metadata: {data_file: R4_cool_0004_dz_bgsub.dat, experiment_id: R4_201611,
  notes: '', sample_id: R4_201611_1479693283, source_wavelength: 0.799898, time: 1479693283.0}
superlattice:
  form: spherical
  parameters:
    I0:
      bounds: [0.0, .inf]
      constraint_expr: null
      fixed: 0
      value: 8.30827513835592
    a:
      bounds: [0.1, .inf]
      constraint_expr: null
      fixed: 0
      value: 134.48789149505586
    hwhm_g:
      bounds: [1.0e-09, .inf]
      constraint_expr: null
      fixed: 0
      value: 0.002289295213681375
    hwhm_l:
      bounds: [1.0e-09, .inf]
      constraint_expr: null
      fixed: 0
      value: 0.0009379175312375088
    r:
      bounds: [0.1, .inf]
      constraint_expr: null
      fixed: 0
      value: 39.24025999272222
  settings: {distribution: single, integration_mode: spherical, lattice: F_cubic,
    lorentz_correction: 1, polarization_correction: 1, profile: voigt, q_max: 0.35,
    q_min: 0.0, space_group: Fm-3m, structure_factor_mode: radial, texture: random,
    use_symmetry: 1}
  structure: crystalline
