features: {I_fluctuation: 0.2143780361302678, Ilowq_over_Imean: 2.5076484325534407,
  Imax_over_Imean: 76.2511994719681, Imax_sharpness: 2.9811223033811522, best_hump_qwidth: 0.0002661381448844021,
  best_hump_qwidth_log: 0.000964183754562837, best_trough_qwidth: 0.01104413503470994,
  best_trough_qwidth_log: 0.004508462310151988, logI_fluctuation: 4.070161526379488,
  logI_max_over_std: 4.104797381517229, pearson_expq: -0.22494883311286387, pearson_invexpq: 0.24956310457205805,
  pearson_q: -0.23783106812818616, pearson_q2: -0.19234546590687404, q_Icentroid: 0.09004918755845835,
  q_best_hump: 0.08029381775579009, q_best_hump_log: 0.08124542116670186, q_best_trough: 0.04091085344436357,
  q_best_trough_log: 0.04181495949270525, q_logIcentroid: -0.5802735002388075, r_fftIcentroid: 0.08764585796074997}
fit_report:
  converged: 1
  error_weighted: 1
  final_objective: 0.0773654251373645
  fit_snr: 0.8652712798282827
  good_fit: 1
  initial_objective: 0.07880709360505969
  logI_weighted: 1
  q_range: [0.0, .inf]
  source_wavelength: 0.799898
noise:
  model: low_q_scatter
  parameters:
    I0:
      bounds: [0.0, .inf]
      constraint_expr: null
      fixed: 0
      value: 83.87811065756982
    I0_flat_fraction:
      bounds: [0.0, 1.0]
      constraint_expr: null
      fixed: 0
      value: 0.003130159223911022
    effective_D:
      bounds: [0.0, 4.0]
      constraint_expr: null
      fixed: 0
      value: 1.4829373379800703
    effective_rg:
      bounds: [1.0, .inf]
      constraint_expr: null
      fixed: 0
      value: 135.16719635097525
sample_metadata: {data_file: R4_cool_0037_dz_bgsub.dat, experiment_id: R4_201611,
  notes: '', sample_id: R4_201611_1479694056, source_wavelength: 0.799898, time: 1479694056.0}
superlattice:
  form: spherical
  parameters:
    I0:
      bounds: [0.0, .inf]
      constraint_expr: null
      fixed: 0
      value: 6.510718899666586
    a:
      bounds: [0.1, .inf]
      constraint_expr: null
      fixed: 0
      value: 135.87387470854733
    hwhm_g:
      bounds: [1.0e-09, .inf]
      constraint_expr: null
      fixed: 0
      value: 0.0026277317786517207
    hwhm_l:
      bounds: [1.0e-09, .inf]
      constraint_expr: null
      fixed: 0
      value: 0.000719769180181129
    r:
      bounds: [0.1, .inf]
      constraint_expr: null
      fixed: 0
      value: 39.197457495834236
  settings: {distribution: single, integration_mode: spherical, lattice: F_cubic,
    lorentz_correction: 1, polarization_correction: 1, profile: voigt, q_max: 0.35,
    q_min: 0.0, space_group: Fm-3m, structure_factor_mode: radial, texture: random,
    use_symmetry: 1}
  structure: crystalline
