features: {I_fluctuation: 0.09036955262867782, Ilowq_over_Imean: 2.0746602872350604,
  Imax_over_Imean: 68.57491311146065, Imax_sharpness: 2.8544119816774134, best_hump_qwidth: 0.0002713193325816651,
  best_hump_qwidth_log: 0.0008994520475545, best_trough_qwidth: 0.007580877025610387,
  best_trough_qwidth_log: 0.004483816434653233, logI_fluctuation: 3.032716008821859,
  logI_max_over_std: 4.713817198459382, pearson_expq: -0.23200297944341117, pearson_invexpq: 0.2575909107738849,
  pearson_q: -0.24537803521983653, pearson_q2: -0.19814903628333558, q_Icentroid: 0.09568364681171461,
  q_best_hump: 0.08144427637715185, q_best_hump_log: 0.08247848462849908, q_best_trough: 0.043457510065720906,
  q_best_trough_log: 0.045923739038515154, q_logIcentroid: 0.07023458361704173, r_fftIcentroid: 0.08919011699264273}
fit_report:
  converged: 0
  error_weighted: 1
  final_objective: 0.07063746758297393
  fit_snr: 0.9828012765431788
  good_fit: 1
  initial_objective: 0.14770709655090514
  logI_weighted: 1
  q_range: [0.03, .inf]
  source_wavelength: 0.799898
noise:
  model: low_q_scatter
  parameters:
    I0:
      bounds: [0.0, .inf]
      constraint_expr: null
      fixed: 0
      value: 11679807688646.1
    I0_flat_fraction:
      bounds: [0.0, 1.0]
      constraint_expr: null
      fixed: 0
      value: 6.339373470609644e-14
    effective_D:
      bounds: [0.0, 4.0]
      constraint_expr: null
      fixed: 0
      value: 1.3559688527805327
    effective_rg:
      bounds: [1.0, .inf]
      constraint_expr: null
      fixed: 0
      value: 36591304685.651566
sample_metadata: {data_file: R4_saxs_0066_dz_bgsub.dat, experiment_id: R4_201611,
  notes: '', sample_id: R4_201611_1479692936, source_wavelength: 0.799898, time: 1479692936.0}
superlattice:
  form: spherical
  parameters:
    I0:
      bounds: [0.0, .inf]
      constraint_expr: null
      fixed: 0
      value: 8.85595108371022
    a:
      bounds: [0.1, .inf]
      constraint_expr: null
      fixed: 0
      value: 133.63135666372537
    hwhm_g:
      bounds: [1.0e-09, .inf]
      constraint_expr: null
      fixed: 0
      value: 0.0022439121583935906
    hwhm_l:
      bounds: [1.0e-09, .inf]
      constraint_expr: null
      fixed: 0
      value: 0.0009746332169889849
    r:
      bounds: [0.1, .inf]
      constraint_expr: null
      fixed: 0
      value: 39.022539758732364
  settings: {distribution: single, integration_mode: spherical, lattice: F_cubic,
    lorentz_correction: 1, polarization_correction: 1, profile: voigt, q_max: 0.35,
    q_min: 0.0, space_group: Fm-3m, structure_factor_mode: radial, texture: random,
    use_symmetry: 1}
  structure: crystalline
