features: {I_fluctuation: 0.16037033378449547, Ilowq_over_Imean: 1.2716162802509205,
  Imax_over_Imean: 71.82136084180746, Imax_sharpness: 3.211116565808834, best_hump_qwidth: 0.000276552327032083,
  best_hump_qwidth_log: 0.001153813842261076, best_trough_qwidth: 0.02053325060204202,
  best_trough_qwidth_log: 0.008484811383414998, logI_fluctuation: 6.151732533652757,
  logI_max_over_std: 3.8600418174699387, pearson_expq: -0.2295549946928473, pearson_invexpq: 0.2531717398449558,
  pearson_q: -0.24201112222033352, pearson_q2: -0.1979733635464607, q_Icentroid: 0.09398648091579216,
  q_best_hump: 0.08569327113035385, q_best_hump_log: 0.08707514555407508, q_best_trough: 0.04770399920881441,
  q_best_trough_log: 0.04880883446552248, q_logIcentroid: -1.2210585574869939, r_fftIcentroid: 0.08941906160415804}
fit_report:
  converged: 1
  error_weighted: 1
  final_objective: 0.08478217205807521
  fit_snr: 0.8991334950505814
  good_fit: 1
  initial_objective: 0.09998697541101943
  logI_weighted: 1
  q_range: [0.0, .inf]
  source_wavelength: 0.799898
noise:
  model: low_q_scatter
  parameters:
    I0:
      bounds: [0.0, .inf]
      constraint_expr: null
      fixed: 0
      value: 5525.694444485152
    I0_flat_fraction:
      bounds: [0.0, 1.0]
      constraint_expr: null
      fixed: 0
      value: 5.938728400012305e-05
    effective_D:
      bounds: [0.0, 4.0]
      constraint_expr: null
      fixed: 0
      value: 1.7925654851225314
    effective_rg:
      bounds: [1.0, .inf]
      constraint_expr: null
      fixed: 0
      value: 1052.3217421855556
sample_metadata: {data_file: R4_saxs_0049_dz_bgsub.dat, experiment_id: R4_201611,
  notes: '', sample_id: R4_201611_1479692745, source_wavelength: 0.799898, time: 1479692745.0}
superlattice:
  form: spherical
  parameters:
    I0:
      bounds: [0.0, .inf]
      constraint_expr: null
      fixed: 0
      value: 10.0
    a:
      bounds: [0.1, .inf]
      constraint_expr: null
      fixed: 0
      value: 127.31550056795632
    hwhm_g:
      bounds: [1.0e-09, .inf]
      constraint_expr: null
      fixed: 0
      value: 0.0023735815842701458
    hwhm_l:
      bounds: [1.0e-09, .inf]
      constraint_expr: null
      fixed: 0
      value: 0.0009829723728559392
    r:
      bounds: [0.1, .inf]
      constraint_expr: null
      fixed: 0
      value: 36.49485361105382
  settings: {distribution: single, integration_mode: spherical, lattice: F_cubic,
    lorentz_correction: 1, polarization_correction: 1, profile: voigt, q_max: 0.4,
    q_min: 0.0, space_group: Fm-3m, structure_factor_mode: radial, texture: random,
    use_symmetry: 1}
  structure: crystalline
