features: {I_fluctuation: 0.31762515949855796, Ilowq_over_Imean: 1.4183137891282602,
  Imax_over_Imean: 74.66723109012013, Imax_sharpness: 3.3216116095524484, best_hump_qwidth: 0.00028282503467311226,
  best_hump_qwidth_log: 0.0011733136412854896, best_trough_qwidth: 0.011947709435660155,
  best_trough_qwidth_log: 0.0064749583070668835, logI_fluctuation: 5.203566302843976,
  logI_max_over_std: 4.011355136406484, pearson_expq: -0.23025110692256823, pearson_invexpq: 0.2544957162838589,
  pearson_q: -0.24299835314339516, pearson_q2: -0.1979466539275075, q_Icentroid: 0.09292222897501377,
  q_best_hump: 0.08393830730701721, q_best_hump_log: 0.08555427811932223, q_best_trough: 0.04556399487677021,
  q_best_trough_log: 0.047828320363667576, q_logIcentroid: -0.5462833744916787, r_fftIcentroid: 0.08946950602087693}
fit_report:
  converged: 1
  error_weighted: 1
  final_objective: 0.08265611601778285
  fit_snr: 0.875065327096232
  good_fit: 1
  initial_objective: 0.0826561160177827
  logI_weighted: 1
  q_range: [0.0, .inf]
  source_wavelength: 0.799898
noise:
  model: low_q_scatter
  parameters:
    I0:
      bounds: [0.0, .inf]
      constraint_expr: null
      fixed: 0
      value: 54488.32721681087
    I0_flat_fraction:
      bounds: [0.0, 1.0]
      constraint_expr: null
      fixed: 0
      value: 6.7502402257835215e-06
    effective_D:
      bounds: [0.0, 4.0]
      constraint_expr: null
      fixed: 0
      value: 1.8312579239018625
    effective_rg:
      bounds: [1.0, .inf]
      constraint_expr: null
      fixed: 0
      value: 3087.270047503755
sample_metadata: {data_file: R4_saxs_0051_dz_bgsub.dat, experiment_id: R4_201611,
  notes: '', sample_id: R4_201611_1479692768, source_wavelength: 0.799898, time: 1479692768.0}
superlattice:
  form: spherical
  parameters:
    I0:
      bounds: [0.0, .inf]
      constraint_expr: null
      fixed: 0
      value: 10.0
    a:
      bounds: [0.1, .inf]
      constraint_expr: null
      fixed: 0
      value: 129.48465570860256
    hwhm_g:
      bounds: [1.0e-09, .inf]
      constraint_expr: null
      fixed: 0
      value: 0.002522234632813869
    hwhm_l:
      bounds: [1.0e-09, .inf]
      constraint_expr: null
      fixed: 0
      value: 0.0008601475153532379
    r:
      bounds: [0.1, .inf]
      constraint_expr: null
      fixed: 0
      value: 37.375636269704636
  settings: {distribution: single, integration_mode: spherical, lattice: F_cubic,
    lorentz_correction: 1, polarization_correction: 1, profile: voigt, q_max: 0.4,
    q_min: 0.0, space_group: Fm-3m, structure_factor_mode: radial, texture: random,
    use_symmetry: 1}
  structure: crystalline
