features: {I_fluctuation: 0.14559192188919443, Ilowq_over_Imean: 2.147264874284625,
  Imax_over_Imean: 71.14095979543256, Imax_sharpness: 2.9123781083156857, best_hump_qwidth: 0.0002699265799051471,
  best_hump_qwidth_log: 0.0009916687923799598, best_trough_qwidth: 0.007485050772886602,
  best_trough_qwidth_log: 0.004865834231944395, logI_fluctuation: 4.410450064243166,
  logI_max_over_std: 4.185084719827844, pearson_expq: -0.23258569659487058, pearson_invexpq: 0.25831121495592413,
  pearson_q: -0.24602724922343658, pearson_q2: -0.19856369725355075, q_Icentroid: 0.09164409705317869,
  q_best_hump: 0.08138509776413544, q_best_hump_log: 0.08234846929791576, q_best_trough: 0.0432732810691287,
  q_best_trough_log: 0.04532719628578752, q_logIcentroid: -0.19634458772500338, r_fftIcentroid: 0.08920903035691094}
fit_report:
  converged: 1
  error_weighted: 1
  final_objective: 0.07414433098580135
  fit_snr: 0.9501337006951994
  good_fit: 1
  initial_objective: 0.07587988855810342
  logI_weighted: 1
  q_range: [0.0, .inf]
  source_wavelength: 0.799898
noise:
  model: low_q_scatter
  parameters:
    I0:
      bounds: [0.0, .inf]
      constraint_expr: null
      fixed: 0
      value: 140083589467.68427
    I0_flat_fraction:
      bounds: [0.0, 1.0]
      constraint_expr: null
      fixed: 0
      value: 3.887390409573754e-12
    effective_D:
      bounds: [0.0, 4.0]
      constraint_expr: null
      fixed: 0
      value: 2.3232727324928537
    effective_rg:
      bounds: [1.0, .inf]
      constraint_expr: null
      fixed: 0
      value: 751149.1832960949
sample_metadata: {data_file: R4_saxs_0073_dz_bgsub.dat, experiment_id: R4_201611,
  notes: '', sample_id: R4_201611_1479693015, source_wavelength: 0.799898, time: 1479693015.0}
superlattice:
  form: spherical
  parameters:
    I0:
      bounds: [0.0, .inf]
      constraint_expr: null
      fixed: 0
      value: 7.9743104830489315
    a:
      bounds: [0.1, .inf]
      constraint_expr: null
      fixed: 0
      value: 133.75558575470654
    hwhm_g:
      bounds: [1.0e-09, .inf]
      constraint_expr: null
      fixed: 0
      value: 0.002393218320628665
    hwhm_l:
      bounds: [1.0e-09, .inf]
      constraint_expr: null
      fixed: 0
      value: 0.0008820605302889417
    r:
      bounds: [0.1, .inf]
      constraint_expr: null
      fixed: 0
      value: 39.17552056780463
  settings: {distribution: single, integration_mode: spherical, lattice: F_cubic,
    lorentz_correction: 1, polarization_correction: 1, profile: voigt, q_max: 0.35,
    q_min: 0.0, space_group: Fm-3m, structure_factor_mode: radial, texture: random,
    use_symmetry: 1}
  structure: crystalline
