features: {I_fluctuation: 0.44045303414616427, Ilowq_over_Imean: 2.053073292066766,
  Imax_over_Imean: 71.57812648930123, Imax_sharpness: 2.8561530561173365, best_hump_qwidth: 0.0002722229813751902,
  best_hump_qwidth_log: 0.0011326414575026117, best_trough_qwidth: 0.007969738981977652,
  best_trough_qwidth_log: 0.005625757840949295, logI_fluctuation: 5.839303284080057,
  logI_max_over_std: 3.773253262828427, pearson_expq: -0.23175813214972651, pearson_invexpq: 0.25720681448719895,
  pearson_q: -0.24506719263339796, pearson_q2: -0.19806566661788966, q_Icentroid: 0.08945857437679339,
  q_best_hump: 0.0815154460501169, q_best_hump_log: 0.08262849964147581, q_best_trough: 0.04355475223948796,
  q_best_trough_log: 0.0460975297711928, q_logIcentroid: -1.3166320874138608, r_fftIcentroid: 0.08861170564768116}
fit_report:
  converged: 1
  error_weighted: 1
  final_objective: 0.07679390026190715
  fit_snr: 0.9123427252150893
  good_fit: 1
  initial_objective: 0.07725232690583125
  logI_weighted: 1
  q_range: [0.0, .inf]
  source_wavelength: 0.799898
noise:
  model: low_q_scatter
  parameters:
    I0:
      bounds: [0.0, .inf]
      constraint_expr: null
      fixed: 0
      value: 5833635.666535633
    I0_flat_fraction:
      bounds: [0.0, 1.0]
      constraint_expr: null
      fixed: 0
      value: 6.469001928577356e-08
    effective_D:
      bounds: [0.0, 4.0]
      constraint_expr: null
      fixed: 0
      value: 2.1504221035681357
    effective_rg:
      bounds: [1.0, .inf]
      constraint_expr: null
      fixed: 0
      value: 14358.475221549235
sample_metadata: {data_file: R4_saxs_0062_dz_bgsub.dat, experiment_id: R4_201611,
  notes: '', sample_id: R4_201611_1479692891, source_wavelength: 0.799898, time: 1479692891.0}
superlattice:
  form: spherical
  parameters:
    I0:
      bounds: [0.0, .inf]
      constraint_expr: null
      fixed: 0
      value: 10.0
    a:
      bounds: [0.1, .inf]
      constraint_expr: null
      fixed: 0
      value: 133.42003058899346
    hwhm_g:
      bounds: [1.0e-09, .inf]
      constraint_expr: null
      fixed: 0
      value: 0.002492847136792098
    hwhm_l:
      bounds: [1.0e-09, .inf]
      constraint_expr: null
      fixed: 0
      value: 0.0008309334450192774
    r:
      bounds: [0.1, .inf]
      constraint_expr: null
      fixed: 0
      value: 38.99452166585642
  settings: {distribution: single, integration_mode: spherical, lattice: F_cubic,
    lorentz_correction: 1, polarization_correction: 1, profile: voigt, q_max: 0.45,
    q_min: 0.0, space_group: Fm-3m, structure_factor_mode: radial, texture: random,
    use_symmetry: 1}
  structure: crystalline
