features: {I_fluctuation: 0.4286419244189893, Ilowq_over_Imean: 2.017711974466059,
  Imax_over_Imean: 72.52582661130357, Imax_sharpness: 2.895494018608985, best_hump_qwidth: 0.1189815980966618,
  best_hump_qwidth_log: 0.0007786890482297979, best_trough_qwidth: 0.15982983005710222,
  best_trough_qwidth_log: 0.0008283256542804251, logI_fluctuation: 2.1238411230900374,
  logI_max_over_std: 3.080660890787638, pearson_expq: -0.23096614005306765, pearson_invexpq: 0.2562740888244056,
  pearson_q: -0.244205293525622, pearson_q2: -0.19744945421742527, q_Icentroid: 0.0900167056357799,
  q_best_hump: 0.19057296051206657, q_best_hump_log: 0.1949833348646438, q_best_trough: 0.18986721042108085,
  q_best_trough_log: 0.19558515040531219, q_logIcentroid: -1.062329513677369, r_fftIcentroid: 0.0889636275550909}
fit_report:
  converged: 1
  error_weighted: 1
  final_objective: 0.07697970068372234
  fit_snr: 0.9122364225026898
  good_fit: 1
  initial_objective: 0.07805138380095453
  logI_weighted: 1
  q_range: [0.0, .inf]
  source_wavelength: 0.799898
noise:
  model: low_q_scatter
  parameters:
    I0:
      bounds: [0.0, .inf]
      constraint_expr: null
      fixed: 0
      value: 6022888.777184893
    I0_flat_fraction:
      bounds: [0.0, 1.0]
      constraint_expr: null
      fixed: 0
      value: 7.186274780801583e-08
    effective_D:
      bounds: [0.0, 4.0]
      constraint_expr: null
      fixed: 0
      value: 2.217767531646328
    effective_rg:
      bounds: [1.0, .inf]
      constraint_expr: null
      fixed: 0
      value: 12524.002378325014
sample_metadata: {data_file: R4_saxs_0061_dz_bgsub.dat, experiment_id: R4_201611,
  notes: '', sample_id: R4_201611_1479692880, source_wavelength: 0.799898, time: 1479692880.0}
superlattice:
  form: spherical
  parameters:
    I0:
      bounds: [0.0, .inf]
      constraint_expr: null
      fixed: 0
      value: 10.0
    a:
      bounds: [0.1, .inf]
      constraint_expr: null
      fixed: 0
      value: 133.34194831778328
    hwhm_g:
      bounds: [1.0e-09, .inf]
      constraint_expr: null
      fixed: 0
      value: 0.002468166315482745
    hwhm_l:
      bounds: [1.0e-09, .inf]
      constraint_expr: null
      fixed: 0
      value: 0.0008450266187082223
    r:
      bounds: [0.1, .inf]
      constraint_expr: null
      fixed: 0
      value: 38.93843237044517
  settings: {distribution: single, integration_mode: spherical, lattice: F_cubic,
    lorentz_correction: 1, polarization_correction: 1, profile: voigt, q_max: 0.35,
    q_min: 0.0, space_group: Fm-3m, structure_factor_mode: radial, texture: random,
    use_symmetry: 1}
  structure: crystalline
