features: {I_fluctuation: 0.15373152125437223, Ilowq_over_Imean: 2.1755843889951496,
  Imax_over_Imean: 71.18322280849765, Imax_sharpness: 2.923508165246543, best_hump_qwidth: 0.00026961324110136515,
  best_hump_qwidth_log: 0.0009787672712411207, best_trough_qwidth: 0.007747606736542044,
  best_trough_qwidth_log: 0.005116588541012502, logI_fluctuation: 4.078169593805406,
  logI_max_over_std: 4.215701151134646, pearson_expq: -0.23299521313912, pearson_invexpq: 0.2588634939307517,
  pearson_q: -0.24650616010924495, pearson_q2: -0.1988045719910806, q_Icentroid: 0.09198380058615369,
  q_best_hump: 0.08136186486986588, q_best_hump_log: 0.08227324404732406, q_best_trough: 0.04332574431178787,
  q_best_trough_log: 0.045406615731456546, q_logIcentroid: -0.1604497027934723, r_fftIcentroid: 0.08916276138503636}
fit_report:
  converged: 1
  error_weighted: 1
  final_objective: 0.07258503297720216
  fit_snr: 0.9783841701065126
  good_fit: 1
  initial_objective: 0.07469438884257538
  logI_weighted: 1
  q_range: [0.0, .inf]
  source_wavelength: 0.799898
noise:
  model: low_q_scatter
  parameters:
    I0:
      bounds: [0.0, .inf]
      constraint_expr: null
      fixed: 0
      value: 155106754059.55896
    I0_flat_fraction:
      bounds: [0.0, 1.0]
      constraint_expr: null
      fixed: 0
      value: 3.825884054009521e-12
    effective_D:
      bounds: [0.0, 4.0]
      constraint_expr: null
      fixed: 0
      value: 2.428255465159363
    effective_rg:
      bounds: [1.0, .inf]
      constraint_expr: null
      fixed: 0
      value: 534277.7906769778
sample_metadata: {data_file: R4_saxs_0075_dz_bgsub.dat, experiment_id: R4_201611,
  notes: '', sample_id: R4_201611_1479693038, source_wavelength: 0.799898, time: 1479693038.0}
superlattice:
  form: spherical
  parameters:
    I0:
      bounds: [0.0, .inf]
      constraint_expr: null
      fixed: 0
      value: 8.198992511821485
    a:
      bounds: [0.1, .inf]
      constraint_expr: null
      fixed: 0
      value: 133.8014039139741
    hwhm_g:
      bounds: [1.0e-09, .inf]
      constraint_expr: null
      fixed: 0
      value: 0.0023148491584686903
    hwhm_l:
      bounds: [1.0e-09, .inf]
      constraint_expr: null
      fixed: 0
      value: 0.0009304148259304812
    r:
      bounds: [0.1, .inf]
      constraint_expr: null
      fixed: 0
      value: 39.17091858721506
  settings: {distribution: single, integration_mode: spherical, lattice: F_cubic,
    lorentz_correction: 1, polarization_correction: 1, profile: voigt, q_max: 0.35,
    q_min: 0.0, space_group: Fm-3m, structure_factor_mode: radial, texture: random,
    use_symmetry: 1}
  structure: crystalline
