features: {I_fluctuation: 0.3128463727831022, Ilowq_over_Imean: 1.608575844300972,
  Imax_over_Imean: 74.99679926234265, Imax_sharpness: 3.0176523652423377, best_hump_qwidth: 0.00028184595381395715,
  best_hump_qwidth_log: 0.0011686490960292608, best_trough_qwidth: 0.008555073749032744,
  best_trough_qwidth_log: 0.005574919533816069, logI_fluctuation: 4.713058914275853,
  logI_max_over_std: 4.001543682923681, pearson_expq: -0.23050849393726053, pearson_invexpq: 0.2552163724554078,
  pearson_q: -0.24346941877050238, pearson_q2: -0.1976768378676928, q_Icentroid: 0.09165262671519064,
  q_best_hump: 0.08288446679402584, q_best_hump_log: 0.08442328770543633, q_best_trough: 0.04427909416106779,
  q_best_trough_log: 0.047178246768623366, q_logIcentroid: -0.520236063388353, r_fftIcentroid: 0.08948571265276689}
fit_report:
  converged: 1
  error_weighted: 1
  final_objective: 0.08043203575590895
  fit_snr: 0.8876764138148899
  good_fit: 1
  initial_objective: 0.09903933712066373
  logI_weighted: 1
  q_range: [0.0, .inf]
  source_wavelength: 0.799898
noise:
  model: low_q_scatter
  parameters:
    I0:
      bounds: [0.0, .inf]
      constraint_expr: null
      fixed: 0
      value: 4957741.124832023
    I0_flat_fraction:
      bounds: [0.0, 1.0]
      constraint_expr: null
      fixed: 0
      value: 8.456151384672594e-08
    effective_D:
      bounds: [0.0, 4.0]
      constraint_expr: null
      fixed: 0
      value: 2.0170902661006473
    effective_rg:
      bounds: [1.0, .inf]
      constraint_expr: null
      fixed: 0
      value: 19233.64659149462
sample_metadata: {data_file: R4_saxs_0053_dz_bgsub.dat, experiment_id: R4_201611,
  notes: '', sample_id: R4_201611_1479692790, source_wavelength: 0.799898, time: 1479692790.0}
superlattice:
  form: spherical
  parameters:
    I0:
      bounds: [0.0, .inf]
      constraint_expr: null
      fixed: 0
      value: 10.0
    a:
      bounds: [0.1, .inf]
      constraint_expr: null
      fixed: 0
      value: 131.0447077979384
    hwhm_g:
      bounds: [1.0e-09, .inf]
      constraint_expr: null
      fixed: 0
      value: 0.002502761713461532
    hwhm_l:
      bounds: [1.0e-09, .inf]
      constraint_expr: null
      fixed: 0
      value: 0.0008518450032145575
    r:
      bounds: [0.1, .inf]
      constraint_expr: null
      fixed: 0
      value: 37.956016105177866
  settings: {distribution: single, integration_mode: spherical, lattice: F_cubic,
    lorentz_correction: 1, polarization_correction: 1, profile: voigt, q_max: 0.35,
    q_min: 0.0, space_group: Fm-3m, structure_factor_mode: radial, texture: random,
    use_symmetry: 1}
  structure: crystalline
