features: {I_fluctuation: 0.09355891373368452, Ilowq_over_Imean: 1.2093087572443766,
  Imax_over_Imean: 68.4847877749268, Imax_sharpness: 3.1213976054001105, best_hump_qwidth: 0.0002821504733857723,
  best_hump_qwidth_log: 0.0011336914431217206, best_trough_qwidth: 0.022290184995906265,
  best_trough_qwidth_log: 0.00833709545841096, logI_fluctuation: 5.017838682053668,
  logI_max_over_std: 4.090104828022488, pearson_expq: -0.2305417589932598, pearson_invexpq: 0.2535529515746297,
  pearson_q: -0.24272610896050104, pearson_q2: -0.19961925438549788, q_Icentroid: 0.09757822404319934,
  q_best_hump: 0.087909667632943, q_best_hump_log: 0.08954324243859979, q_best_trough: 0.04867895938255434,
  q_best_trough_log: 0.049454250692579804, q_logIcentroid: -0.44243998805222196, r_fftIcentroid: 0.08938862410762966}
fit_report:
  converged: 1
  error_weighted: 1
  final_objective: 0.08814357577415424
  fit_snr: 1.6327710639296935
  good_fit: 1
  initial_objective: 0.35109937124146406
  logI_weighted: 1
  q_range: [0.0, .inf]
  source_wavelength: 0.799898
noise:
  model: low_q_scatter
  parameters:
    I0:
      bounds: [0.0, .inf]
      constraint_expr: null
      fixed: 0
      value: 43.40458993255245
    I0_flat_fraction:
      bounds: [0.0, 1.0]
      constraint_expr: null
      fixed: 0
      value: 0.011379404292958861
    effective_D:
      bounds: [0.0, 4.0]
      constraint_expr: null
      fixed: 0
      value: 2.1443546181041033
    effective_rg:
      bounds: [0.1, .inf]
      constraint_expr: null
      fixed: 0
      value: 88.09773736688983
sample_metadata: {data_file: R4_saxs_0047_dz_bgsub.dat, experiment_id: R4_201611,
  notes: '', sample_id: R4_201611_1479692723, source_wavelength: 0.799898, time: 1479692723.0}
superlattice:
  form: spherical
  parameters:
    I0:
      bounds: [0.0, .inf]
      constraint_expr: null
      fixed: 0
      value: 9.357401358099606
    a:
      bounds: [0.1, .inf]
      constraint_expr: null
      fixed: 0
      value: 124.34731464588128
    hwhm_g:
      bounds: [1.0e-09, .inf]
      constraint_expr: null
      fixed: 0
      value: 2.5313659945958022e-08
    hwhm_l:
      bounds: [1.0e-09, .inf]
      constraint_expr: null
      fixed: 0
      value: 0.0017872054370101642
    r:
      bounds: [0.1, .inf]
      constraint_expr: null
      fixed: 0
      value: 34.964336271852936
  settings: {distribution: single, integration_mode: spherical, lattice: F_cubic,
    lorentz_correction: 1, polarization_correction: 1, profile: voigt, q_max: 0.4,
    q_min: 0.0, space_group: Fm-3m, structure_factor_mode: radial, texture: random,
    use_symmetry: 1}
  structure: crystalline
