features: {I_fluctuation: 0.3292377353335136, Ilowq_over_Imean: 1.8833335380144633,
  Imax_over_Imean: 75.23454367614399, Imax_sharpness: 3.0121829560005717, best_hump_qwidth: 0.00027973190248122584,
  best_hump_qwidth_log: 0.0012061751081370387, best_trough_qwidth: 0.007956893024762173,
  best_trough_qwidth_log: 0.005245007418046123, logI_fluctuation: 5.912591472103292,
  logI_max_over_std: 3.8113472528925105, pearson_expq: -0.23102699291173107, pearson_invexpq: 0.2561411980540042,
  pearson_q: -0.2441770796079744, pearson_q2: -0.19772633559385813, q_Icentroid: 0.0898581098012267,
  q_best_hump: 0.08180169801179668, q_best_hump_log: 0.08323776103214905, q_best_trough: 0.04349287973901933,
  q_best_trough_log: 0.045712198947117755, q_logIcentroid: -1.1979411455103586, r_fftIcentroid: 0.08892058618309168}
fit_report:
  converged: 1
  error_weighted: 1
  final_objective: 0.078976463702743
  fit_snr: 0.8936884035180689
  good_fit: 1
  initial_objective: 0.08186882425304837
  logI_weighted: 1
  q_range: [0.0, .inf]
  source_wavelength: 0.799898
noise:
  model: low_q_scatter
  parameters:
    I0:
      bounds: [0.0, .inf]
      constraint_expr: null
      fixed: 0
      value: 6509525.722962696
    I0_flat_fraction:
      bounds: [0.0, 1.0]
      constraint_expr: null
      fixed: 0
      value: 5.3127321153478846e-08
    effective_D:
      bounds: [0.0, 4.0]
      constraint_expr: null
      fixed: 0
      value: 2.0250763001725725
    effective_rg:
      bounds: [1.0, .inf]
      constraint_expr: null
      fixed: 0
      value: 21256.315373775375
sample_metadata: {data_file: R4_saxs_0057_dz_bgsub.dat, experiment_id: R4_201611,
  notes: '', sample_id: R4_201611_1479692835, source_wavelength: 0.799898, time: 1479692835.0}
superlattice:
  form: spherical
  parameters:
    I0:
      bounds: [0.0, .inf]
      constraint_expr: null
      fixed: 0
      value: 10.0
    a:
      bounds: [0.1, .inf]
      constraint_expr: null
      fixed: 0
      value: 132.6971183041889
    hwhm_g:
      bounds: [1.0e-09, .inf]
      constraint_expr: null
      fixed: 0
      value: 0.0025189053579478538
    hwhm_l:
      bounds: [1.0e-09, .inf]
      constraint_expr: null
      fixed: 0
      value: 0.00082381035876955
    r:
      bounds: [0.1, .inf]
      constraint_expr: null
      fixed: 0
      value: 38.667011173462534
  settings: {distribution: single, integration_mode: spherical, lattice: F_cubic,
    lorentz_correction: 1, polarization_correction: 1, profile: voigt, q_max: 0.35,
    q_min: 0.0, space_group: Fm-3m, structure_factor_mode: radial, texture: random,
    use_symmetry: 1}
  structure: crystalline
