features: {I_fluctuation: 36.458504597026206, Ilowq_over_Imean: 0.9321771435299524,
  Imax_over_Imean: 1.8823824179059816, Imax_sharpness: 1.614145295748167, best_hump_qwidth: 0.0002175696446591005,
  best_hump_qwidth_log: 0.00013157099304590412, best_trough_qwidth: 0.0007925957018967249,
  best_trough_qwidth_log: 0.0002975787371550992, logI_fluctuation: 33.04549788204019,
  logI_max_over_std: -3.1237684261276333, pearson_expq: 0.0919100227903321, pearson_invexpq: -0.10477673016919062,
  pearson_q: 0.09841483021669441, pearson_q2: 0.07538592045656214, q_Icentroid: 0.31368856327833394,
  q_best_hump: 0.028565705211328896, q_best_hump_log: 0.028764435008422407, q_best_trough: 0.03243461581536733,
  q_best_trough_log: 0.030940467062503252, q_logIcentroid: 0.30480939044550565, r_fftIcentroid: 0.21237536094601145}
fit_report:
  converged: 1
  error_weighted: 1
  final_objective: 0.05264790789458054
  fit_snr: 4.311954211421596
  good_fit: 1
  initial_objective: 29.746263755435308
  logI_weighted: 1
  q_range: [0.0, .inf]
noise:
  model: flat
  parameters:
    I0:
      bounds: [0.0, .inf]
      constraint_expr: null
      fixed: 0
      value: 0.23255130063367746
sample_metadata: {data_file: flow_rxn_C_7_dz_bgsub.dat, experiment_id: RxnC_201806,
  notes: '', sample_id: RxnC_201806_1530048702, source_wavelength: 0.799898, time: 1530048702.738707}
