ODE_extra_flowrate: 20.601901029050595
ODE_extra_fraction: 0.29149341368760034
ODE_extra_setpoint: 21.339256874826656
ODE_flowrate: 0.08250636132524745
ODE_setpoint: 0.0
Pd_TOP_flowrate: 8.814222244362352
Pd_TOP_setpoint: 8.390742801150225
TOP_flowrate: 22.066236724211993
TOP_fraction: 0.2985772776091768
TOP_setpoint: 21.857845333879126
T_read_A: 309.8306
T_set: 309.76894049217964
experiment_id: RxnA_20190329
exposure_time: 10.0
flowrate: 73.20661622152096
flowreactor_design_categorical_constraints: {crystalline_flag: 0, dilute_sphere_flag: 1,
  disordered_flag: 0}
flowreactor_design_constraints: {r0_sphere: 32.105011603358165}
flowreactor_design_domain:
  ODE_extra_fraction: [0.0, 0.3]
  TOP_fraction: [0.0, 0.3]
  T_set: [220.0, 310.0]
  flowrate: [20.0, 100.0]
  oleylamine_fraction: [0.0, 0.3]
flowreactor_design_mode: MPI_exploration
flowreactor_design_range_constraints:
  I0_fraction_sphere: [0.9, 1.0]
  I0_sphere: [10.0, 1000000.0]
  sigma_sphere: [0.0, 0.1]
oleylamine_flowrate: 21.83624335147982
oleylamine_fraction: 0.2953116171409225
oleylamine_setpoint: 21.61882417702431
sample_id: RxnA_20190329_1553983571
source_wavelength: 0.799898
time: 1553984713.289636
