ODE_extra_flowrate: 12.497968305597771
ODE_extra_fraction: 0.14191790912353763
ODE_extra_setpoint: 12.526581058245108
ODE_flowrate: 0.08250636132524745
ODE_setpoint: 0.0
Pd_TOP_flowrate: 74.36867062405199
Pd_TOP_setpoint: 74.2696349576601
TOP_flowrate: 0.29604289240381587
TOP_fraction: 0.0029624881768061484
TOP_setpoint: 0.26148169298704366
T_read_A: 246.9486
T_set: 246.94842340985366
experiment_id: RxnA_20190329
exposure_time: 10.0
flowrate: 88.26702271496814
flowreactor_design_categorical_constraints: {crystalline_flag: 0, dilute_sphere_flag: 1,
  disordered_flag: 0}
flowreactor_design_constraints: {r0_sphere: 5.213167797667357}
flowreactor_design_domain:
  ODE_extra_fraction: [0.0, 0.3]
  TOP_fraction: [0.0, 0.3]
  T_set: [220.0, 310.0]
  flowrate: [20.0, 100.0]
  oleylamine_fraction: [0.0, 0.3]
flowreactor_design_mode: MPI_exploitation
flowreactor_design_range_constraints:
  I0_fraction_sphere: [0.9, 1.0]
  I0_sphere: [10.0, 1000000.0]
  sigma_sphere: [0.0, 0.1]
oleylamine_flowrate: 1.2546399565773794
oleylamine_fraction: 0.013699874859583981
oleylamine_setpoint: 1.2092519128061616
sample_id: RxnA_20190329_1553927416
source_wavelength: 0.799898
time: 1553928344.965187
