ODE_extra_flowrate: 21.695221110975204
ODE_extra_fraction: 0.2484976960343911
ODE_extra_setpoint: 21.805908515471632
ODE_flowrate: -0.0598582505262098
ODE_setpoint: 0.0
Pd_TOP_flowrate: 13.374456542896723
Pd_TOP_setpoint: 13.452377849286155
TOP_flowrate: 26.072650905565514
TOP_fraction: 0.2992766032662806
TOP_setpoint: 26.261864801671717
T_read_A: 257.9609
T_set: 257.98280293844067
experiment_id: RxnA_20190329
exposure_time: 10.0
flowrate: 87.75084924952942
flowreactor_design_categorical_constraints: {crystalline_flag: 0, dilute_sphere_flag: 1,
  disordered_flag: 0}
flowreactor_design_constraints: {r0_sphere: 14.365156231989339}
flowreactor_design_domain:
  ODE_extra_fraction: [0.0, 0.3]
  TOP_fraction: [0.0, 0.3]
  T_set: [220.0, 310.0]
  flowrate: [20.0, 100.0]
  oleylamine_fraction: [0.0, 0.3]
flowreactor_design_mode: MPI_exploration
flowreactor_design_range_constraints:
  I0_fraction_sphere: [0.9, 1.0]
  I0_sphere: [10.0, 1000000.0]
  sigma_sphere: [0.0, 0.1]
oleylamine_flowrate: 26.138563735731378
oleylamine_fraction: 0.29892421682701825
oleylamine_setpoint: 26.230958600967686
sample_id: RxnA_20190329_1553914977
source_wavelength: 0.799898
time: 1553915955.729404
