ODE_extra_flowrate: 9.933111826714187
ODE_extra_fraction: 0.1534639989640282
ODE_extra_setpoint: 9.92114269722645
ODE_flowrate: 0.03206934450331115
ODE_setpoint: 0.0
Pd_TOP_flowrate: 16.270277404273447
Pd_TOP_setpoint: 16.213481463907556
TOP_flowrate: 19.130299974830805
TOP_fraction: 0.29602872609344566
TOP_setpoint: 19.137739797989926
T_read_A: 242.2303
T_set: 242.23480631900776
experiment_id: RxnA_20190329
exposure_time: 10.0
flowrate: 64.64851654073118
flowreactor_design_categorical_constraints: {crystalline_flag: 0, dilute_sphere_flag: 1,
  disordered_flag: 0}
flowreactor_design_constraints: {r0_sphere: 41.04198311010314}
flowreactor_design_domain:
  ODE_extra_fraction: [0.0, 0.3]
  TOP_fraction: [0.0, 0.3]
  T_set: [220.0, 310.0]
  flowrate: [20.0, 100.0]
  oleylamine_fraction: [0.0, 0.3]
flowreactor_design_mode: MPI_exploitation
flowreactor_design_range_constraints:
  I0_fraction_sphere: [0.9, 1.0]
  I0_sphere: [10.0, 1000000.0]
  sigma_sphere: [0.0, 0.1]
oleylamine_flowrate: 19.343492584795833
oleylamine_fraction: 0.29971319002405306
oleylamine_setpoint: 19.3760898251994
sample_id: RxnA_20190329_1553935658
source_wavelength: 0.799898
time: 1553936929.71254
