ODE_extra_flowrate: 10.777816392162906
ODE_extra_fraction: 0.1081002504968437
ODE_extra_setpoint: 10.762973137756259
ODE_flowrate: 0.03206934450331115
ODE_setpoint: 0.0
Pd_TOP_flowrate: 86.73805222899604
Pd_TOP_setpoint: 86.91402852188654
TOP_flowrate: 1.0750166661395726
TOP_fraction: 0.010615088480604011
TOP_setpoint: 1.0568519481859593
T_read_A: 235.0402
T_set: 235.02830235185738
experiment_id: RxnC_201903
exposure_time: 10.0
flowrate: 99.56444597242921
flowreactor_design_categorical_constraints: {crystalline_flag: 0, dilute_sphere_flag: 1,
  disordered_flag: 0}
flowreactor_design_constraints: {r0_sphere: 8.870775188384986}
flowreactor_design_domain:
  ODE_extra_fraction: [0.0, 0.3]
  TOP_fraction: [0.0, 0.3]
  T_set: [220.0, 310.0]
  flowrate: [20.0, 100.0]
  oleylamine_fraction: [0.0, 0.3]
flowreactor_design_mode: MPI_exploitation
flowreactor_design_range_constraints:
  I0_fraction_sphere: [0.9, 1.0]
  I0_sphere: [10.0, 1000000.0]
  sigma_sphere: [0.0, 0.1]
oleylamine_flowrate: 0.8312978113093351
oleylamine_fraction: 0.008342920401176759
oleylamine_setpoint: 0.8306427100909899
sample_id: RxnC_201903_1552285279
source_wavelength: 0.799898
time: 1552286161.366156
