ODE_extra_flowrate: 12.43409559717123
ODE_extra_fraction: 0.12545313080700013
ODE_extra_setpoint: 12.443871275437774
ODE_flowrate: 0.08250636132524745
ODE_setpoint: 0.0
Pd_TOP_flowrate: 54.643629914801195
Pd_TOP_setpoint: 54.210699294136376
TOP_flowrate: 3.7299139584090475
TOP_fraction: 0.03666358924782502
TOP_setpoint: 3.6367653744978394
T_read_A: 249.6903
T_set: 249.67658664217598
experiment_id: RxnC_201903
exposure_time: 10.0
flowrate: 99.19208323813282
flowreactor_design_categorical_constraints: {crystalline_flag: 0, dilute_sphere_flag: 1,
  disordered_flag: 0}
flowreactor_design_constraints: {r0_sphere: 8.870775188384986}
flowreactor_design_domain:
  ODE_extra_fraction: [0.0, 0.3]
  TOP_fraction: [0.0, 0.3]
  T_set: [220.0, 310.0]
  flowrate: [20.0, 100.0]
  oleylamine_fraction: [0.0, 0.3]
flowreactor_design_mode: MPI_exploration
flowreactor_design_range_constraints:
  I0_fraction_sphere: [0.9, 1.0]
  I0_sphere: [10.0, 1000000.0]
  sigma_sphere: [0.0, 0.1]
oleylamine_flowrate: 28.863872471968385
oleylamine_fraction: 0.2913612769700884
oleylamine_setpoint: 28.900742316442802
sample_id: RxnC_201903_1552286907
source_wavelength: 0.799898
time: 1552287746.452216
