ODE_extra_flowrate: 20.864054941435718
ODE_extra_fraction: 0.2925295996033521
ODE_extra_setpoint: 20.832974179595933
ODE_flowrate: 0.2388020046556772
ODE_setpoint: 0.0
Pd_TOP_flowrate: 29.347172755210693
Pd_TOP_setpoint: 29.042173473901546
TOP_flowrate: 0.008448385744430414
TOP_fraction: 0.00021883854106997876
TOP_setpoint: 0.0
T_read_A: 254.0751
T_set: 253.99672981559942
experiment_id: RxnC_201903
exposure_time: 10.0
flowrate: 71.21672146832073
flowreactor_design_categorical_constraints: {crystalline_flag: 0, dilute_sphere_flag: 1,
  disordered_flag: 0}
flowreactor_design_constraints: {r0_sphere: 22.65645611589154}
flowreactor_design_domain:
  ODE_extra_fraction: [0.0, 0.3]
  TOP_fraction: [0.0, 0.3]
  T_set: [220.0, 310.0]
  flowrate: [20.0, 100.0]
  oleylamine_fraction: [0.0, 0.3]
flowreactor_design_mode: MPI_exploration
flowreactor_design_range_constraints:
  I0_fraction_sphere: [0.9, 1.0]
  I0_sphere: [10.0, 1000000.0]
  sigma_sphere: [0.0, 0.1]
oleylamine_flowrate: 21.27839548533295
oleylamine_fraction: 0.2994525600750965
oleylamine_setpoint: 21.325973070104553
sample_id: RxnC_201903_1552306412
source_wavelength: 0.799898
time: 1552307581.836664
