ODE_extra_flowrate: 9.784622446129704
ODE_extra_fraction: 0.09642130146974844
ODE_extra_setpoint: 9.608703911183168
ODE_flowrate: 0.08250636132524745
ODE_setpoint: 0.0
Pd_TOP_flowrate: 57.82723242966998
Pd_TOP_setpoint: 57.75981305610885
TOP_flowrate: 2.856843477852557
TOP_fraction: 0.02831558542566448
TOP_setpoint: 2.821735730924672
T_read_A: 266.8269
T_set: 266.8609375882113
experiment_id: RxnC_201903
exposure_time: 10.0
flowrate: 99.65366060701275
flowreactor_design_categorical_constraints: {crystalline_flag: 0, dilute_sphere_flag: 1,
  disordered_flag: 0}
flowreactor_design_constraints: {r0_sphere: 37.43076739774096}
flowreactor_design_domain:
  ODE_extra_fraction: [0.0, 0.3]
  TOP_fraction: [0.0, 0.3]
  T_set: [220.0, 310.0]
  flowrate: [20.0, 100.0]
  oleylamine_fraction: [0.0, 0.3]
flowreactor_design_mode: MPI_exploration
flowreactor_design_range_constraints:
  I0_fraction_sphere: [0.9, 1.0]
  I0_sphere: [10.0, 1000000.0]
  sigma_sphere: [0.0, 0.1]
oleylamine_flowrate: 29.394376509701445
oleylamine_fraction: 0.29565818156430407
oleylamine_setpoint: 29.46338578483968
sample_id: RxnC_201903_1552259370
source_wavelength: 0.799898
time: 1552260250.971344
