features: {I_fluctuation: 9.418457292170707, Ilowq_over_Imean: 1.1856965883105897,
  Imax_over_Imean: 2.7631680857732204, Imax_sharpness: 1.182232444721388, best_hump_qwidth: 0.00020644297050488342,
  best_hump_qwidth_log: 0.0003110759338937825, best_trough_qwidth: 0.0014873209734772778,
  best_trough_qwidth_log: 0.0012948034502417566, logI_fluctuation: 11.899198087595915,
  logI_max_over_std: 10.70905341550538, pearson_expq: -0.2657017572804504, pearson_invexpq: 0.2934713692489801,
  pearson_q: -0.27951988506436665, pearson_q2: -0.22805555093531005, q_Icentroid: 0.3023277616791213,
  q_best_hump: 0.037228904826339115, q_best_hump_log: 0.03965678267558115, q_best_trough: 0.07091941582004421,
  q_best_trough_log: 0.0706045494404279, q_logIcentroid: 0.2986133051877354, r_fftIcentroid: 0.18260923660856257}
fit_report:
  converged: 1
  error_weighted: 1
  final_objective: 0.02819399072047205
  fit_snr: 5.736015778010883
  good_fit: 1
  initial_objective: 55.8055655348372
  logI_weighted: 1
  q_range: [0.0, .inf]
noise:
  model: flat
  parameters:
    I0:
      bounds: [0.0, .inf]
      constraint_expr: null
      fixed: 0
      value: 1.7518593777944518
sample_metadata: {data_file: flow_rxn_A_36_4_dz_bgsub.dat, experiment_id: RxnA_201807,
  notes: '', sample_id: RxnA_201807_1532256064, source_wavelength: 0.799898, time: 1532256064.488037}
