features: {I_fluctuation: 9.974550753734903, Ilowq_over_Imean: 1.7421170659151881,
  Imax_over_Imean: 4.5815792955791155, Imax_sharpness: 1.1535546350923265, best_hump_qwidth: 0.0046213475818110495,
  best_hump_qwidth_log: 0.0008203408568098704, best_trough_qwidth: 0.002143578537539505,
  best_trough_qwidth_log: 0.0013096510622291457, logI_fluctuation: 14.53337309395439,
  logI_max_over_std: 4.584150060765035, pearson_expq: -0.2928945354267492, pearson_invexpq: 0.33966775839745417,
  pearson_q: -0.3157993942480825, pearson_q2: -0.2334566640663369, q_Icentroid: 0.28726069760964434,
  q_best_hump: -0.12139002531111304, q_best_hump_log: 0.014751787337828615, q_best_trough: 0.07026427548650979,
  q_best_trough_log: 0.07024592574727578, q_logIcentroid: 0.4048505685380576, r_fftIcentroid: 0.14817159519681863}
fit_report:
  converged: 1
  error_weighted: 1
  final_objective: 0.1728608337801292
  fit_snr: 2.404775184978643
  good_fit: 1
  initial_objective: 47.95940688787634
  logI_weighted: 1
  q_range: [0.0, .inf]
noise:
  model: flat
  parameters:
    I0:
      bounds: [0.0, .inf]
      constraint_expr: null
      fixed: 0
      value: 1.0050322497405242
sample_metadata: {data_file: flow_rxn_A_38_4_dz_bgsub.dat, experiment_id: RxnA_201807,
  notes: '', sample_id: RxnA_201807_1532262710, source_wavelength: 0.799898, time: 1532262710.923139}
