features: {I_fluctuation: 12.415901640873527, Ilowq_over_Imean: 1.7516593345046958,
  Imax_over_Imean: 4.629097805219272, Imax_sharpness: 1.1223701484516966, best_hump_qwidth: 0.0020829973384432167,
  best_hump_qwidth_log: 0.0008156061324659777, best_trough_qwidth: 0.0020829973384432167,
  best_trough_qwidth_log: 0.0008156061324659777, logI_fluctuation: 11.537714489456183,
  logI_max_over_std: 3.1356128477317453, pearson_expq: -0.43809361776282113, pearson_invexpq: 0.48337680160335855,
  pearson_q: -0.4610190203898827, pearson_q2: -0.37692699277539454, q_Icentroid: 0.27320309543583615,
  q_best_hump: 0.07903891718862024, q_best_hump_log: 0.07639245244027376, q_best_trough: 0.07903891718862024,
  q_best_trough_log: 0.07639245244027376, q_logIcentroid: 0.3829790834066168, r_fftIcentroid: 0.1556829718452943}
fit_report:
  converged: 1
  error_weighted: 1
  final_objective: 0.2056143141842327
  fit_snr: 2.2378297324329073
  good_fit: 1
  initial_objective: 45.356138324987285
  logI_weighted: 1
  q_range: [0.0, .inf]
noise:
  model: flat
  parameters:
    I0:
      bounds: [0.0, .inf]
      constraint_expr: null
      fixed: 0
      value: 0.8283333002328577
sample_metadata: {data_file: flow_rxn_A_40_4_dz_bgsub.dat, experiment_id: RxnA_201807,
  notes: '', sample_id: RxnA_201807_1532269387, source_wavelength: 0.799898, time: 1532269387.134738}
