features: {I_fluctuation: 6.347591330615275, Ilowq_over_Imean: 3.522643819149039,
  Imax_over_Imean: 7.6256341853174145, Imax_sharpness: 1.02768292526328, best_hump_qwidth: 0.001057389114167525,
  best_hump_qwidth_log: 0.007473240681958864, best_trough_qwidth: 0.030075316016200924,
  best_trough_qwidth_log: 0.00625702418264263, logI_fluctuation: 8.308654157206844,
  logI_max_over_std: 3.2610139965247043, pearson_expq: -0.4856778787349408, pearson_invexpq: 0.5638255112879049,
  pearson_q: -0.5245349536820513, pearson_q2: -0.3869247244212819, q_Icentroid: 0.22218722349942283,
  q_best_hump: 0.04787857027068115, q_best_hump_log: 0.0706840012379796, q_best_trough: 0.1556560332619448,
  q_best_trough_log: 0.14009536733385433, q_logIcentroid: 0.4870093646823137, r_fftIcentroid: 0.12790513762341685}
fit_report:
  converged: 1
  error_weighted: 1
  final_objective: 0.7481229928522806
  fit_snr: 1.332062253217068
  good_fit: 0
  initial_objective: 51.633317053522354
  logI_weighted: 1
  q_range: [0.0, .inf]
noise:
  model: flat
  parameters:
    I0:
      bounds: [0.0, .inf]
      constraint_expr: null
      fixed: 0
      value: 1.253118496853019
sample_metadata: {data_file: flow_rxn_A_26_4_dz_bgsub.dat, experiment_id: RxnA_201807,
  notes: '', sample_id: RxnA_201807_1532222568, source_wavelength: 0.799898, time: 1532222568.563442}
