features: {I_fluctuation: 0.329501520646112, Ilowq_over_Imean: 1.5353225568831927,
  Imax_over_Imean: 63.30799857620039, Imax_sharpness: 3.014716862652433, best_hump_qwidth: 0.0002671407879166374,
  best_hump_qwidth_log: 0.0013083006767107333, best_trough_qwidth: 0.22807812903574237,
  best_trough_qwidth_log: 0.31950232478014634, logI_fluctuation: 2.8088162056113215,
  logI_max_over_std: 4.154392270766499, pearson_expq: -0.24641203513927737, pearson_invexpq: 0.26976830282787095,
  pearson_q: -0.25884449755829503, pearson_q2: -0.21472093714140225, q_Icentroid: 0.09690722719973802,
  q_best_hump: 0.09414600539670734, q_best_hump_log: 0.09642858027813894, q_best_trough: 0.1487310559332917,
  q_best_trough_log: -0.160482322699459, q_logIcentroid: 0.13142156666847443, r_fftIcentroid: 0.09455191152665962}
fit_report:
  converged: 1
  error_weighted: 1
  final_objective: 0.05284085310521953
  fit_snr: 1.7214165040815856
  good_fit: 1
  initial_objective: 0.06120510707252233
  logI_weighted: 1
  q_range: [0.03, .inf]
  source_wavelength: 0.799898
noise:
  model: low_q_scatter
  parameters:
    I0:
      bounds: [1.0e-12, .inf]
      constraint_expr: null
      fixed: 0
      value: 235.44878559246305
    I0_flat_fraction:
      bounds: [0.0, 1.0]
      constraint_expr: null
      fixed: 0
      value: 0.001365130182187313
    effective_D:
      bounds: [0.0, 4.0]
      constraint_expr: null
      fixed: 0
      value: 1.9156895711143869
    effective_rg:
      bounds: [0.1, .inf]
      constraint_expr: null
      fixed: 0
      value: 42.453022771817146
sample_metadata: {data_file: A_279C_0212115357_0001_dz_bgsub.dat, experiment_id: RxnA_201602,
  notes: '', sample_id: RxnA_201602_1455306853, source_wavelength: 0.799898, time: 1455306853.0}
superlattice:
  form: spherical
  parameters:
    I0:
      bounds: [0.0, .inf]
      constraint_expr: null
      fixed: 0
      value: 34.64099446506413
    a:
      bounds: [0.1, .inf]
      constraint_expr: null
      fixed: 0
      value: 116.54367250579604
    hwhm_g:
      bounds: [1.0e-09, .inf]
      constraint_expr: null
      fixed: 0
      value: 0.001790440558123385
    hwhm_l:
      bounds: [1.0e-09, .inf]
      constraint_expr: null
      fixed: 0
      value: 0.0013123247725376208
    r:
      bounds: [0.1, .inf]
      constraint_expr: null
      fixed: 0
      value: 33.061860002261724
  settings: {distribution: single, integration_mode: spherical, lattice: F_cubic,
    lorentz_correction: 1, polarization_correction: 1, profile: voigt, q_max: 0.35,
    q_min: 0.0, space_group: Fm-3m, structure_factor_mode: radial, texture: random,
    use_symmetry: 1}
  structure: crystalline
