features: {I_fluctuation: 0.13787214199729622, Ilowq_over_Imean: 1.7060487259821633,
  Imax_over_Imean: 58.839132641675, Imax_sharpness: 2.880974745942862, best_hump_qwidth: 1.3594234542422112,
  best_hump_qwidth_log: 0.0017239411076041152, best_trough_qwidth: 0.03323713611032446,
  best_trough_qwidth_log: 0.02665394470617193, logI_fluctuation: 2.276512944951173,
  logI_max_over_std: 3.924011194429696, pearson_expq: -0.2533284071352616, pearson_invexpq: 0.2779300423502855,
  pearson_q: -0.2663757723301719, pearson_q2: -0.2200801790883971, q_Icentroid: 0.09541941458509781,
  q_best_hump: 0.5160147232673351, q_best_hump_log: 0.5171442773122725, q_best_trough: 0.025868293290281286,
  q_best_trough_log: 0.027534242124868935, q_logIcentroid: 0.12302619031453942, r_fftIcentroid: 0.09315355009146348}
fit_report:
  converged: 1
  error_weighted: 1
  final_objective: 0.049561082301877925
  fit_snr: 1.755700720105774
  good_fit: 1
  initial_objective: 0.05117353079038844
  logI_weighted: 1
  q_range: [0.03, .inf]
  source_wavelength: 0.799898
noise:
  model: low_q_scatter
  parameters:
    I0:
      bounds: [1.0e-12, .inf]
      constraint_expr: null
      fixed: 0
      value: 280.3876370925191
    I0_flat_fraction:
      bounds: [0.0, 1.0]
      constraint_expr: null
      fixed: 0
      value: 0.001366496925926386
    effective_D:
      bounds: [0.0, 4.0]
      constraint_expr: null
      fixed: 0
      value: 2.072306280643087
    effective_rg:
      bounds: [0.1, .inf]
      constraint_expr: null
      fixed: 0
      value: 38.83403341776716
sample_metadata: {data_file: A_280C_9min_0212120515_0001_dz_bgsub.dat, experiment_id: RxnA_201602,
  notes: '', sample_id: RxnA_201602_1455307532, source_wavelength: 0.799898, time: 1455307532.0}
superlattice:
  form: spherical
  parameters:
    I0:
      bounds: [0.0, .inf]
      constraint_expr: null
      fixed: 0
      value: 39.070485739188555
    a:
      bounds: [0.1, .inf]
      constraint_expr: null
      fixed: 0
      value: 117.31433496438216
    hwhm_g:
      bounds: [1.0e-09, .inf]
      constraint_expr: null
      fixed: 0
      value: 0.0018449111156667586
    hwhm_l:
      bounds: [1.0e-09, .inf]
      constraint_expr: null
      fixed: 0
      value: 0.001288477505274055
    r:
      bounds: [0.1, .inf]
      constraint_expr: null
      fixed: 0
      value: 33.513210713819504
  settings: {distribution: single, integration_mode: spherical, lattice: F_cubic,
    lorentz_correction: 1, polarization_correction: 1, profile: voigt, q_max: 0.35,
    q_min: 0.0, space_group: Fm-3m, structure_factor_mode: radial, texture: random,
    use_symmetry: 1}
  structure: crystalline
