features: {I_fluctuation: 0.16491495975646764, Ilowq_over_Imean: 1.8337375134896052,
  Imax_over_Imean: 58.3730445710269, Imax_sharpness: 2.905374161710602, best_hump_qwidth: 0.0002721637466542864,
  best_hump_qwidth_log: 0.0014416784521079004, best_trough_qwidth: 0.02790279365552803,
  best_trough_qwidth_log: 0.023981735812660592, logI_fluctuation: 2.8038107159390213,
  logI_max_over_std: 4.0495435993892475, pearson_expq: -0.25828238925088726, pearson_invexpq: 0.2837569983133882,
  pearson_q: -0.2717631294094409, pearson_q2: -0.22394181464727694, q_Icentroid: 0.09475463687180997,
  q_best_hump: 0.09309684947133082, q_best_hump_log: 0.09544482442720387, q_best_trough: 0.027238945838291895,
  q_best_trough_log: 0.02861626078230317, q_logIcentroid: 0.13244849561944014, r_fftIcentroid: 0.09325531531914374}
fit_report:
  converged: 1
  error_weighted: 1
  final_objective: 0.047503234780652
  fit_snr: 1.803014336685829
  good_fit: 1
  initial_objective: 0.04787713113897258
  logI_weighted: 1
  q_range: [0.03, .inf]
  source_wavelength: 0.799898
noise:
  model: low_q_scatter
  parameters:
    I0:
      bounds: [1.0e-12, .inf]
      constraint_expr: null
      fixed: 0
      value: 290.60005204668363
    I0_flat_fraction:
      bounds: [0.0, 1.0]
      constraint_expr: null
      fixed: 0
      value: 0.0019753882648353427
    effective_D:
      bounds: [0.0, 4.0]
      constraint_expr: null
      fixed: 0
      value: 2.2349698393897848
    effective_rg:
      bounds: [0.1, .inf]
      constraint_expr: null
      fixed: 0
      value: 37.24396708868965
sample_metadata: {data_file: A_280C_12min_0212120805_0001_dz_bgsub.dat, experiment_id: RxnA_201602,
  notes: '', sample_id: RxnA_201602_1455307701, source_wavelength: 0.799898, time: 1455307701.0}
superlattice:
  form: spherical
  parameters:
    I0:
      bounds: [0.0, .inf]
      constraint_expr: null
      fixed: 0
      value: 38.56087423985837
    a:
      bounds: [0.1, .inf]
      constraint_expr: null
      fixed: 0
      value: 117.39014927682234
    hwhm_g:
      bounds: [1.0e-09, .inf]
      constraint_expr: null
      fixed: 0
      value: 0.0017988490932786538
    hwhm_l:
      bounds: [1.0e-09, .inf]
      constraint_expr: null
      fixed: 0
      value: 0.0013190944827464746
    r:
      bounds: [0.1, .inf]
      constraint_expr: null
      fixed: 0
      value: 33.54348402621526
  settings: {distribution: single, integration_mode: spherical, lattice: F_cubic,
    lorentz_correction: 1, polarization_correction: 1, profile: voigt, q_max: 0.35,
    q_min: 0.0, space_group: Fm-3m, structure_factor_mode: radial, texture: random,
    use_symmetry: 1}
  structure: crystalline
