features: {I_fluctuation: 0.4027769430218011, Ilowq_over_Imean: 1.484929764295601,
  Imax_over_Imean: 62.17381615368112, Imax_sharpness: 2.9311616682576407, best_hump_qwidth: 0.0002642399347141519,
  best_hump_qwidth_log: 0.001322789103117834, best_trough_qwidth: 0.2637985581689226,
  best_trough_qwidth_log: 0.2526744976860132, logI_fluctuation: 2.9031004062775114,
  logI_max_over_std: 4.018229826816038, pearson_expq: -0.24499688367901984, pearson_invexpq: 0.2681238857764369,
  pearson_q: -0.25731439544480134, pearson_q2: -0.21359481903382402, q_Icentroid: 0.09684567916395284,
  q_best_hump: 0.09401603559907892, q_best_hump_log: 0.09621711962781027, q_best_trough: 0.1648571377049302,
  q_best_trough_log: -0.11818925692319548, q_logIcentroid: 0.1205334781553256, r_fftIcentroid: 0.09359226283989049}
fit_report:
  converged: 1
  error_weighted: 1
  final_objective: 0.053608093062888135
  fit_snr: 1.6631184711352245
  good_fit: 1
  initial_objective: 0.06251623072925062
  logI_weighted: 1
  q_range: [0.03, .inf]
  source_wavelength: 0.799898
noise:
  model: low_q_scatter
  parameters:
    I0:
      bounds: [1.0e-12, .inf]
      constraint_expr: null
      fixed: 0
      value: 253.24944120495095
    I0_flat_fraction:
      bounds: [0.0, 1.0]
      constraint_expr: null
      fixed: 0
      value: 0.000384157856927303
    effective_D:
      bounds: [0.0, 4.0]
      constraint_expr: null
      fixed: 0
      value: 1.8296146189484965
    effective_rg:
      bounds: [0.1, .inf]
      constraint_expr: null
      fixed: 0
      value: 44.13925532587816
sample_metadata: {data_file: A_280C_0212115500_0001_dz_bgsub.dat, experiment_id: RxnA_201602,
  notes: '', sample_id: RxnA_201602_1455306917, source_wavelength: 0.799898, time: 1455306917.0}
superlattice:
  form: spherical
  parameters:
    I0:
      bounds: [0.0, .inf]
      constraint_expr: null
      fixed: 0
      value: 35.73566111032391
    a:
      bounds: [0.1, .inf]
      constraint_expr: null
      fixed: 0
      value: 116.81453916284661
    hwhm_g:
      bounds: [1.0e-09, .inf]
      constraint_expr: null
      fixed: 0
      value: 0.0018926937472386607
    hwhm_l:
      bounds: [1.0e-09, .inf]
      constraint_expr: null
      fixed: 0
      value: 0.0012574931964169922
    r:
      bounds: [0.1, .inf]
      constraint_expr: null
      fixed: 0
      value: 33.191193042959796
  settings: {distribution: single, integration_mode: spherical, lattice: F_cubic,
    lorentz_correction: 1, polarization_correction: 1, profile: voigt, q_max: 0.35,
    q_min: 0.0, space_group: Fm-3m, structure_factor_mode: radial, texture: random,
    use_symmetry: 1}
  structure: crystalline
