features: {I_fluctuation: 0.4567600636230015, Ilowq_over_Imean: 1.509650560420319,
  Imax_over_Imean: 59.174149390862844, Imax_sharpness: 2.7937978941523247, best_hump_qwidth: 0.0002733184965336744,
  best_hump_qwidth_log: 0.0014045898543466686, best_trough_qwidth: 0.42254285636319616,
  best_trough_qwidth_log: 0.22147146541265383, logI_fluctuation: 3.6936432093250575,
  logI_max_over_std: 4.0313744020979785, pearson_expq: -0.24641397489832986, pearson_invexpq: 0.26976507242757364,
  pearson_q: -0.25884307784478244, pearson_q2: -0.21472768194147646, q_Icentroid: 0.096756186364399,
  q_best_hump: 0.09324556003564563, q_best_hump_log: 0.09575533610180692, q_best_trough: 0.22807438847455813,
  q_best_trough_log: -0.0890658972538595, q_logIcentroid: 0.12451916297681469, r_fftIcentroid: 0.09258648787872836}
fit_report:
  converged: 1
  error_weighted: 1
  final_objective: 0.05275646258535274
  fit_snr: 1.6279034696769847
  good_fit: 1
  initial_objective: 0.05415243677172048
  logI_weighted: 1
  q_range: [0.03, .inf]
  source_wavelength: 0.799898
noise:
  model: low_q_scatter
  parameters:
    I0:
      bounds: [1.0e-12, .inf]
      constraint_expr: null
      fixed: 0
      value: 630.4805840865453
    I0_flat_fraction:
      bounds: [0.0, 1.0]
      constraint_expr: null
      fixed: 0
      value: 4.7576877373056714e-05
    effective_D:
      bounds: [0.0, 4.0]
      constraint_expr: null
      fixed: 0
      value: 1.7917536094040463
    effective_rg:
      bounds: [0.1, .inf]
      constraint_expr: null
      fixed: 0
      value: 73.7611658176033
sample_metadata: {data_file: A_280C_3min_0212115913_0001_dz_bgsub.dat, experiment_id: RxnA_201602,
  notes: '', sample_id: RxnA_201602_1455307169, source_wavelength: 0.799898, time: 1455307169.0}
superlattice:
  form: spherical
  parameters:
    I0:
      bounds: [0.0, .inf]
      constraint_expr: null
      fixed: 0
      value: 35.48925951229859
    a:
      bounds: [0.1, .inf]
      constraint_expr: null
      fixed: 0
      value: 117.10742054938214
    hwhm_g:
      bounds: [1.0e-09, .inf]
      constraint_expr: null
      fixed: 0
      value: 0.0019342915384111814
    hwhm_l:
      bounds: [1.0e-09, .inf]
      constraint_expr: null
      fixed: 0
      value: 0.0012420185815323892
    r:
      bounds: [0.1, .inf]
      constraint_expr: null
      fixed: 0
      value: 33.37829827349954
  settings: {distribution: single, integration_mode: spherical, lattice: F_cubic,
    lorentz_correction: 1, polarization_correction: 1, profile: voigt, q_max: 0.35,
    q_min: 0.0, space_group: Fm-3m, structure_factor_mode: radial, texture: random,
    use_symmetry: 1}
  structure: crystalline
