features: {I_fluctuation: 0.14400046304952016, Ilowq_over_Imean: 1.4009148958881574,
  Imax_over_Imean: 61.735483722220906, Imax_sharpness: 2.8994111298985117, best_hump_qwidth: 0.0002742833285625066,
  best_hump_qwidth_log: 0.0014854426555668898, best_trough_qwidth: 0.022813540162748523,
  best_trough_qwidth_log: 0.01504873765946072, logI_fluctuation: 3.7019918827247937,
  logI_max_over_std: 3.860494394742281, pearson_expq: -0.24230007926563837, pearson_invexpq: 0.26549610006253094,
  pearson_q: -0.2546345453989128, pearson_q2: -0.21088184758273612, q_Icentroid: 0.09525104547458903,
  q_best_hump: 0.0919179557117831, q_best_hump_log: 0.0945437259863629, q_best_trough: 0.03275714853994455,
  q_best_trough_log: 0.033519906772301045, q_logIcentroid: 0.10459696050894453, r_fftIcentroid: 0.09350910282284222}
fit_report:
  converged: 1
  error_weighted: 1
  final_objective: 0.05720450254040792
  fit_snr: 1.5401007424825717
  good_fit: 1
  initial_objective: 0.057432157070256
  logI_weighted: 1
  q_range: [0.0, .inf]
noise:
  model: low_q_scatter
  parameters:
    I0:
      bounds: [1.0e-12, .inf]
      constraint_expr: null
      fixed: 0
      value: 172.68472848165968
    I0_flat_fraction:
      bounds: [0.0, 1.0]
      constraint_expr: null
      fixed: 0
      value: 1.5543122344752192e-15
    effective_D:
      bounds: [0.0, 4.0]
      constraint_expr: null
      fixed: 0
      value: 1.8785862885715088
    effective_rg:
      bounds: [0.1, .inf]
      constraint_expr: null
      fixed: 0
      value: 31.73710641724456
sample_metadata: {data_file: '', experiment_id: '', notes: '', sample_id: '', source_wavelength: 0.799898,
  time: 0.0}
superlattice:
  form: spherical
  parameters:
    I0:
      bounds: [0.0, .inf]
      constraint_expr: null
      fixed: 0
      value: 39.243586824306554
    a:
      bounds: [0.1, .inf]
      constraint_expr: null
      fixed: 0
      value: 119.02152120479167
    hwhm_g:
      bounds: [1.0e-09, .inf]
      constraint_expr: null
      fixed: 0
      value: 0.0020474911322915235
    hwhm_l:
      bounds: [1.0e-09, .inf]
      constraint_expr: null
      fixed: 0
      value: 0.0011516810718535941
    r:
      bounds: [0.1, .inf]
      constraint_expr: null
      fixed: 0
      value: 33.52613345365786
  settings: {distribution: single, integration_mode: spherical, lattice: F_cubic,
    lorentz_correction: 1, polarization_correction: 1, profile: voigt, q_max: 0.35,
    q_min: 0.0, space_group: Fm-3m, structure_factor_mode: radial, texture: random,
    use_symmetry: 1}
  structure: crystalline
