features: {I_fluctuation: 0.3180704657383709, Ilowq_over_Imean: 3.064275213208854,
  Imax_over_Imean: 68.98521511071696, Imax_sharpness: 2.7367412436312337, best_hump_qwidth: 0.00026299487677039826,
  best_hump_qwidth_log: 0.0011080218611997583, best_trough_qwidth: 0.004720361953893529,
  best_trough_qwidth_log: 0.0041876563898932, logI_fluctuation: 5.0409142525889035,
  logI_max_over_std: 3.6940744458995547, pearson_expq: -0.2411798811497173, pearson_invexpq: 0.26815339366337787,
  pearson_q: -0.25524129596645195, pearson_q2: -0.2055555975910967, q_Icentroid: 0.08704982509369825,
  q_best_hump: 0.0795885954258746, q_best_hump_log: 0.08080355558148983, q_best_trough: 0.042461437772451094,
  q_best_trough_log: 0.045472903330566306, q_logIcentroid: -0.6872989777788696, r_fftIcentroid: 0.08343492471665304}
fit_report:
  converged: 1
  error_weighted: 1
  final_objective: 0.0727852578832996
  fit_snr: 0.9288503210471363
  good_fit: 1
  initial_objective: 0.0735640995657217
  logI_weighted: 1
  q_range: [0.0, .inf]
noise:
  model: low_q_scatter
  parameters:
    I0:
      bounds: [0.0, .inf]
      constraint_expr: null
      fixed: 0
      value: 165.88040297895859
    I0_flat_fraction:
      bounds: [0.0, 1.0]
      constraint_expr: null
      fixed: 0
      value: 0.0020121128287449164
    effective_D:
      bounds: [0.0, 4.0]
      constraint_expr: null
      fixed: 0
      value: 2.003597399573345
    effective_rg:
      bounds: [1.0, .inf]
      constraint_expr: null
      fixed: 0
      value: 85.42937408334369
sample_metadata: {data_file: '', experiment_id: '', notes: '', sample_id: '', source_wavelength: 0.799898,
  time: 0.0}
superlattice:
  form: spherical
  parameters:
    I0:
      bounds: [0.0, .inf]
      constraint_expr: null
      fixed: 0
      value: 6.275946043089509
    a:
      bounds: [0.1, .inf]
      constraint_expr: null
      fixed: 0
      value: 136.23787934729572
    hwhm_g:
      bounds: [1.0e-09, .inf]
      constraint_expr: null
      fixed: 0
      value: 0.0031093462812715744
    hwhm_l:
      bounds: [1.0e-09, .inf]
      constraint_expr: null
      fixed: 0
      value: 0.0005283629928657385
    r:
      bounds: [0.1, .inf]
      constraint_expr: null
      fixed: 0
      value: 39.87611516248455
  settings: {distribution: single, integration_mode: spherical, lattice: F_cubic,
    lorentz_correction: 1, polarization_correction: 1, profile: voigt, q_max: 0.3,
    q_min: 0.0, space_group: Fm-3m, structure_factor_mode: radial, texture: random,
    use_symmetry: 1}
  structure: crystalline
