features: {I_fluctuation: 0.17606603362644024, Ilowq_over_Imean: 2.8740612770677747,
  Imax_over_Imean: 67.82313626817161, Imax_sharpness: 2.7396919605241004, best_hump_qwidth: 0.00025582614087235703,
  best_hump_qwidth_log: 0.0010499050857394913, best_trough_qwidth: 0.004810049403702171,
  best_trough_qwidth_log: 0.004619327794720664, logI_fluctuation: 5.747966390672895,
  logI_max_over_std: 3.6499816034673236, pearson_expq: -0.24399592123306144, pearson_invexpq: 0.2712301451944021,
  pearson_q: -0.2581941853146967, pearson_q2: -0.208015248378743, q_Icentroid: 0.08738751299013522,
  q_best_hump: 0.0802130298702908, q_best_hump_log: 0.0810537029515836, q_best_trough: 0.04264245888512874,
  q_best_trough_log: 0.04577479762958275, q_logIcentroid: -0.7555156921702101, r_fftIcentroid: 0.08378480614857693}
fit_report:
  converged: 1
  error_weighted: 1
  final_objective: 0.07049409335086583
  fit_snr: 0.9401514968609272
  good_fit: 1
  initial_objective: 0.07049409335086579
  logI_weighted: 1
  q_min: 0.03
  q_range: [0.0, .inf]
  source_wavelength: 0.799898
noise:
  model: low_q_scatter
  parameters:
    I0:
      bounds: [0.0, .inf]
      constraint_expr: null
      fixed: 0
      value: 55154.83051838803
    I0_flat_fraction:
      bounds: [0.0, 1.0]
      constraint_expr: null
      fixed: 0
      value: 5.022140527832786e-06
    effective_D:
      bounds: [0.0, 4.0]
      constraint_expr: null
      fixed: 0
      value: 1.9220754354815845
    effective_rg:
      bounds: [1.0, .inf]
      constraint_expr: null
      fixed: 0
      value: 1797.757812036499
sample_metadata: {data_file: R6_cool_0008_dz_bgsub.dat, experiment_id: R6_201611,
  notes: '', sample_id: R6_201611_1479768888, source_wavelength: 0.799898, time: 1479768888.0}
superlattice:
  form: spherical
  parameters:
    I0:
      bounds: [0.0, .inf]
      constraint_expr: null
      fixed: 0
      value: 6.275388866652548
    a:
      bounds: [0.1, .inf]
      constraint_expr: null
      fixed: 0
      value: 135.6396513166585
    hwhm_g:
      bounds: [1.0e-09, .inf]
      constraint_expr: null
      fixed: 0
      value: 0.003068209173923697
    hwhm_l:
      bounds: [1.0e-09, .inf]
      constraint_expr: null
      fixed: 0
      value: 0.0005637228673623929
    r:
      bounds: [0.1, .inf]
      constraint_expr: null
      fixed: 0
      value: 39.86401572942747
  settings: {distribution: single, integration_mode: spherical, lattice: F_cubic,
    lorentz_correction: 1, polarization_correction: 1, profile: voigt, q_max: 0.3,
    q_min: 0.0, space_group: Fm-3m, structure_factor_mode: radial, texture: random,
    use_symmetry: 1}
  structure: crystalline
