features: {I_fluctuation: 0.2732202821171087, Ilowq_over_Imean: 2.984275453589141,
  Imax_over_Imean: 68.38493096194297, Imax_sharpness: 2.7586420667868965, best_hump_qwidth: 0.0002648591216156039,
  best_hump_qwidth_log: 0.0010034491871379106, best_trough_qwidth: 0.004721680631115377,
  best_trough_qwidth_log: 0.004162757742580812, logI_fluctuation: 3.562047773641808,
  logI_max_over_std: 4.146672779452884, pearson_expq: -0.24263964163132648, pearson_invexpq: 0.26977852425690646,
  pearson_q: -0.2567850406165776, pearson_q2: -0.20679602311845166, q_Icentroid: 0.08896683438704836,
  q_best_hump: 0.07964898594469516, q_best_hump_log: 0.08089818292737791, q_best_trough: 0.04286926309796307,
  q_best_trough_log: 0.04686284857933004, q_logIcentroid: -0.10909446909181156, r_fftIcentroid: 0.08389898264378925}
fit_report:
  converged: 1
  error_weighted: 1
  final_objective: 0.07123158205049136
  fit_snr: 0.9389055359824702
  good_fit: 1
  initial_objective: 0.07320096132826932
  logI_weighted: 1
  q_min: 0.03
  q_range: [0.0, .inf]
  source_wavelength: 0.799898
noise:
  model: low_q_scatter
  parameters:
    I0:
      bounds: [0.0, .inf]
      constraint_expr: null
      fixed: 0
      value: 241.3544107895271
    I0_flat_fraction:
      bounds: [0.0, 1.0]
      constraint_expr: null
      fixed: 0
      value: 0.0023536507102848714
    effective_D:
      bounds: [0.0, 4.0]
      constraint_expr: null
      fixed: 0
      value: 2.1138774182021915
    effective_rg:
      bounds: [1.0, .inf]
      constraint_expr: null
      fixed: 0
      value: 98.89915697563829
sample_metadata: {data_file: R6_cool_0015_dz_bgsub.dat, experiment_id: R6_201611,
  notes: '', sample_id: R6_201611_1479769072, source_wavelength: 0.799898, time: 1479769072.0}
superlattice:
  form: spherical
  parameters:
    I0:
      bounds: [0.0, .inf]
      constraint_expr: null
      fixed: 0
      value: 6.46776351489614
    a:
      bounds: [0.1, .inf]
      constraint_expr: null
      fixed: 0
      value: 136.02574554653015
    hwhm_g:
      bounds: [1.0e-09, .inf]
      constraint_expr: null
      fixed: 0
      value: 0.00309636272633107
    hwhm_l:
      bounds: [1.0e-09, .inf]
      constraint_expr: null
      fixed: 0
      value: 0.0005463625027112284
    r:
      bounds: [0.1, .inf]
      constraint_expr: null
      fixed: 0
      value: 39.91882620219676
  settings: {distribution: single, integration_mode: spherical, lattice: F_cubic,
    lorentz_correction: 1, polarization_correction: 1, profile: voigt, q_max: 0.3,
    q_min: 0.0, space_group: Fm-3m, structure_factor_mode: radial, texture: random,
    use_symmetry: 1}
  structure: crystalline
