features: {I_fluctuation: 0.23473995775859938, Ilowq_over_Imean: 2.9437795880193147,
  Imax_over_Imean: 68.90275939957137, Imax_sharpness: 2.7665024618999565, best_hump_qwidth: 0.0002545418220644284,
  best_hump_qwidth_log: 0.0010389729144779885, best_trough_qwidth: 0.004626841552717121,
  best_trough_qwidth_log: 0.004360664698995855, logI_fluctuation: 5.082640723559377,
  logI_max_over_std: 3.634697775635674, pearson_expq: -0.24297505478586942, pearson_invexpq: 0.27010670256391145,
  pearson_q: -0.25711894230186166, pearson_q2: -0.20713181321344915, q_Icentroid: 0.08724549469631457,
  q_best_hump: 0.08014812516607592, q_best_hump_log: 0.08095629907811136, q_best_trough: 0.04248681868005272,
  q_best_trough_log: 0.045429235760332476, q_logIcentroid: -0.7570172647762745, r_fftIcentroid: 0.08404280672548216}
fit_report:
  converged: 1
  error_weighted: 1
  final_objective: 0.07225992819679389
  fit_snr: 0.9298834930170774
  good_fit: 1
  initial_objective: 0.1492760129789008
  logI_weighted: 1
  q_min: 0.03
  q_range: [0.0, .inf]
  source_wavelength: 0.799898
noise:
  model: low_q_scatter
  parameters:
    I0:
      bounds: [0.0, .inf]
      constraint_expr: null
      fixed: 0
      value: 174.8909103119232
    I0_flat_fraction:
      bounds: [0.0, 1.0]
      constraint_expr: null
      fixed: 0
      value: 0.0016975371403352146
    effective_D:
      bounds: [0.0, 4.0]
      constraint_expr: null
      fixed: 0
      value: 1.9435013513227277
    effective_rg:
      bounds: [1.0, .inf]
      constraint_expr: null
      fixed: 0
      value: 87.90362964147742
sample_metadata: {data_file: R6_cool_0012_dz_bgsub.dat, experiment_id: R6_201611,
  notes: '', sample_id: R6_201611_1479768993, source_wavelength: 0.799898, time: 1479768993.0}
superlattice:
  form: spherical
  parameters:
    I0:
      bounds: [0.0, .inf]
      constraint_expr: null
      fixed: 0
      value: 6.2264415343705295
    a:
      bounds: [0.1, .inf]
      constraint_expr: null
      fixed: 0
      value: 135.88135825974368
    hwhm_g:
      bounds: [1.0e-09, .inf]
      constraint_expr: null
      fixed: 0
      value: 0.0030878676561508778
    hwhm_l:
      bounds: [1.0e-09, .inf]
      constraint_expr: null
      fixed: 0
      value: 0.0005412200560516167
    r:
      bounds: [0.1, .inf]
      constraint_expr: null
      fixed: 0
      value: 39.89134734935995
  settings: {distribution: single, integration_mode: spherical, lattice: F_cubic,
    lorentz_correction: 1, polarization_correction: 1, profile: voigt, q_max: 0.3,
    q_min: 0.0, space_group: Fm-3m, structure_factor_mode: radial, texture: random,
    use_symmetry: 1}
  structure: crystalline
