features: {I_fluctuation: 0.15439790132721057, Ilowq_over_Imean: 2.8687100654193873,
  Imax_over_Imean: 66.85084351736, Imax_sharpness: 2.7136684539711857, best_hump_qwidth: 0.0002559619865563319,
  best_hump_qwidth_log: 0.0010062959410865515, best_trough_qwidth: 0.004404363033901099,
  best_trough_qwidth_log: 0.00425670872566507, logI_fluctuation: 4.855293950282866,
  logI_max_over_std: 3.8141525353733297, pearson_expq: -0.24499227749274263, pearson_invexpq: 0.27246748750078126,
  pearson_q: -0.25930884943816035, pearson_q2: -0.20871942013336725, q_Icentroid: 0.0877305932905342,
  q_best_hump: 0.08023401068593336, q_best_hump_log: 0.08107619684883077, q_best_trough: 0.04259819633974815,
  q_best_trough_log: 0.04583632898699108, q_logIcentroid: -0.4431262062232905, r_fftIcentroid: 0.08382963008574852}
fit_report:
  converged: 1
  error_weighted: 1
  final_objective: 0.07022545398896125
  fit_snr: 0.9521945185855752
  good_fit: 1
  initial_objective: 0.07022545398896468
  logI_weighted: 1
  q_min: 0.03
  q_range: [0.0, .inf]
  source_wavelength: 0.799898
noise:
  model: low_q_scatter
  parameters:
    I0:
      bounds: [0.0, .inf]
      constraint_expr: null
      fixed: 0
      value: 1013.1464663191955
    I0_flat_fraction:
      bounds: [0.0, 1.0]
      constraint_expr: null
      fixed: 0
      value: 0.00037414453598616504
    effective_D:
      bounds: [0.0, 4.0]
      constraint_expr: null
      fixed: 0
      value: 2.074617595744851
    effective_rg:
      bounds: [1.0, .inf]
      constraint_expr: null
      fixed: 0
      value: 200.42787655665728
sample_metadata: {data_file: R6_cool_0007_dz_bgsub.dat, experiment_id: R6_201611,
  notes: '', sample_id: R6_201611_1479768862, source_wavelength: 0.799898, time: 1479768862.0}
superlattice:
  form: spherical
  parameters:
    I0:
      bounds: [0.0, .inf]
      constraint_expr: null
      fixed: 0
      value: 6.321035361015206
    a:
      bounds: [0.1, .inf]
      constraint_expr: null
      fixed: 0
      value: 135.55743055481778
    hwhm_g:
      bounds: [1.0e-09, .inf]
      constraint_expr: null
      fixed: 0
      value: 0.003075663075712165
    hwhm_l:
      bounds: [1.0e-09, .inf]
      constraint_expr: null
      fixed: 0
      value: 0.000570113565597663
    r:
      bounds: [0.1, .inf]
      constraint_expr: null
      fixed: 0
      value: 39.88592647554104
  settings: {distribution: single, integration_mode: spherical, lattice: F_cubic,
    lorentz_correction: 1, polarization_correction: 1, profile: voigt, q_max: 0.3,
    q_min: 0.0, space_group: Fm-3m, structure_factor_mode: radial, texture: random,
    use_symmetry: 1}
  structure: crystalline
