features: {I_fluctuation: 0.4161074044059474, Ilowq_over_Imean: 2.7537223654906, Imax_over_Imean: 64.455767874693,
  Imax_sharpness: 2.6169421092521916, best_hump_qwidth: 0.00025927037992988587, best_hump_qwidth_log: 0.0009928140458864353,
  best_trough_qwidth: 0.004016578417982406, best_trough_qwidth_log: 0.00418624095508122,
  logI_fluctuation: 4.725719152001319, logI_max_over_std: 3.9700312325769938, pearson_expq: -0.24596120161415755,
  pearson_invexpq: 0.27375688766105455, pearson_q: -0.26043409270422296, pearson_q2: -0.2093092410721245,
  q_Icentroid: 0.0883614369908666, q_best_hump: 0.08037207286583414, q_best_hump_log: 0.08131143721264072,
  q_best_trough: 0.042816846963967425, q_best_trough_log: 0.04683166232740621, q_logIcentroid: -0.26427526505685706,
  r_fftIcentroid: 0.08448700169645525}
fit_report:
  converged: 1
  error_weighted: 1
  final_objective: 0.06982518822121772
  fit_snr: 0.9587451979879782
  good_fit: 1
  initial_objective: 0.0698251882212187
  logI_weighted: 1
  q_min: 0.03
  q_range: [0.0, .inf]
  source_wavelength: 0.799898
noise:
  model: low_q_scatter
  parameters:
    I0:
      bounds: [0.0, .inf]
      constraint_expr: null
      fixed: 0
      value: 951.4735639027791
    I0_flat_fraction:
      bounds: [0.0, 1.0]
      constraint_expr: null
      fixed: 0
      value: 0.0005604715564413998
    effective_D:
      bounds: [0.0, 4.0]
      constraint_expr: null
      fixed: 0
      value: 2.5063163364469427
    effective_rg:
      bounds: [1.0, .inf]
      constraint_expr: null
      fixed: 0
      value: 161.28652006767211
sample_metadata: {data_file: R6_cool_0002_dz_bgsub.dat, experiment_id: R6_201611,
  notes: '', sample_id: R6_201611_1479768730, source_wavelength: 0.799898, time: 1479768730.0}
superlattice:
  form: spherical
  parameters:
    I0:
      bounds: [0.0, .inf]
      constraint_expr: null
      fixed: 0
      value: 6.87628884861558
    a:
      bounds: [0.1, .inf]
      constraint_expr: null
      fixed: 0
      value: 135.04698884541764
    hwhm_g:
      bounds: [1.0e-09, .inf]
      constraint_expr: null
      fixed: 0
      value: 0.0030173885680838675
    hwhm_l:
      bounds: [1.0e-09, .inf]
      constraint_expr: null
      fixed: 0
      value: 0.0006326643008499611
    r:
      bounds: [0.1, .inf]
      constraint_expr: null
      fixed: 0
      value: 39.90292112337522
  settings: {distribution: single, integration_mode: spherical, lattice: F_cubic,
    lorentz_correction: 1, polarization_correction: 1, profile: voigt, q_max: 0.3,
    q_min: 0.0, space_group: Fm-3m, structure_factor_mode: radial, texture: random,
    use_symmetry: 1}
  structure: crystalline
