features: {I_fluctuation: 0.24816048719456904, Ilowq_over_Imean: 2.946159537852349,
  Imax_over_Imean: 68.09374735694271, Imax_sharpness: 2.7603864863879224, best_hump_qwidth: 0.00025430776422260084,
  best_hump_qwidth_log: 0.0008951069890148694, best_trough_qwidth: 0.004755394487819781,
  best_trough_qwidth_log: 0.00391098709274317, logI_fluctuation: 3.199532330028788,
  logI_max_over_std: 4.23162553555452, pearson_expq: -0.2430879067123785, pearson_invexpq: 0.27023694217423927,
  pearson_q: -0.2572404417243984, pearson_q2: -0.20722256618634144, q_Icentroid: 0.0896115925861149,
  q_best_hump: 0.08013416924299507, q_best_hump_log: 0.08093891739022688, q_best_trough: 0.04266555656095733,
  q_best_trough_log: 0.04584572114841001, q_logIcentroid: -0.061992507153881396, r_fftIcentroid: 0.08398403425092744}
fit_report:
  converged: 1
  error_weighted: 1
  final_objective: 0.07074773259017056
  fit_snr: 0.9412196800958812
  good_fit: 1
  initial_objective: 0.0738075145517539
  logI_weighted: 1
  q_min: 0.03
  q_range: [0.0, .inf]
  source_wavelength: 0.799898
noise:
  model: low_q_scatter
  parameters:
    I0:
      bounds: [0.0, .inf]
      constraint_expr: null
      fixed: 0
      value: 181.12658742764356
    I0_flat_fraction:
      bounds: [0.0, 1.0]
      constraint_expr: null
      fixed: 0
      value: 0.0030927027270507557
    effective_D:
      bounds: [0.0, 4.0]
      constraint_expr: null
      fixed: 0
      value: 1.9811534472873593
    effective_rg:
      bounds: [1.0, .inf]
      constraint_expr: null
      fixed: 0
      value: 88.78950329935358
sample_metadata: {data_file: R6_cool_0013_dz_bgsub.dat, experiment_id: R6_201611,
  notes: '', sample_id: R6_201611_1479769020, source_wavelength: 0.799898, time: 1479769020.0}
superlattice:
  form: spherical
  parameters:
    I0:
      bounds: [0.0, .inf]
      constraint_expr: null
      fixed: 0
      value: 6.2744996307361545
    a:
      bounds: [0.1, .inf]
      constraint_expr: null
      fixed: 0
      value: 135.9343566227032
    hwhm_g:
      bounds: [1.0e-09, .inf]
      constraint_expr: null
      fixed: 0
      value: 0.0030959211940572162
    hwhm_l:
      bounds: [1.0e-09, .inf]
      constraint_expr: null
      fixed: 0
      value: 0.0005420167466433368
    r:
      bounds: [0.1, .inf]
      constraint_expr: null
      fixed: 0
      value: 39.88935402391103
  settings: {distribution: single, integration_mode: spherical, lattice: F_cubic,
    lorentz_correction: 1, polarization_correction: 1, profile: voigt, q_max: 0.3,
    q_min: 0.0, space_group: Fm-3m, structure_factor_mode: radial, texture: random,
    use_symmetry: 1}
  structure: crystalline
