features: {I_fluctuation: 0.40170156080745245, Ilowq_over_Imean: 3.2999553069418317,
  Imax_over_Imean: 66.69794058931264, Imax_sharpness: 2.623808800196855, best_hump_qwidth: 0.0002592835001128158,
  best_hump_qwidth_log: 0.0010621433398493507, best_trough_qwidth: 0.004956632012332419,
  best_trough_qwidth_log: 0.004334121779882091, logI_fluctuation: 4.420738457339135,
  logI_max_over_std: 3.7267481165718848, pearson_expq: -0.24082628175945697, pearson_invexpq: 0.26791295122877873,
  pearson_q: -0.2549396692695613, pearson_q2: -0.20508438325783196, q_Icentroid: 0.08648722950112761,
  q_best_hump: 0.079447806619215, q_best_hump_log: 0.08055732087061482, q_best_trough: 0.04262049104091853,
  q_best_trough_log: 0.04590449212293263, q_logIcentroid: -0.6042226637313235, r_fftIcentroid: 0.0830136956002984}
fit_report:
  converged: 1
  error_weighted: 1
  final_objective: 0.07110039609698071
  fit_snr: 0.9283125185493337
  good_fit: 1
  initial_objective: 0.07175283129853717
  logI_weighted: 1
  q_range: [0.0, .inf]
noise:
  model: low_q_scatter
  parameters:
    I0:
      bounds: [0.0, .inf]
      constraint_expr: null
      fixed: 0
      value: 178.50397824701832
    I0_flat_fraction:
      bounds: [0.0, 1.0]
      constraint_expr: null
      fixed: 0
      value: 0.0015808565682542963
    effective_D:
      bounds: [0.0, 4.0]
      constraint_expr: null
      fixed: 0
      value: 2.0628543239157584
    effective_rg:
      bounds: [1.0, .inf]
      constraint_expr: null
      fixed: 0
      value: 86.69262760941568
sample_metadata: {data_file: R6_cool2_0002_dz_bgsub.dat, experiment_id: R6_201611,
  notes: '', sample_id: R6_201611_1479769600, source_wavelength: 0.799898, time: 0.0}
superlattice:
  form: spherical
  parameters:
    I0:
      bounds: [0.0, .inf]
      constraint_expr: null
      fixed: 0
      value: 6.717920993044809
    a:
      bounds: [0.1, .inf]
      constraint_expr: null
      fixed: 0
      value: 136.73173919100063
    hwhm_g:
      bounds: [1.0e-09, .inf]
      constraint_expr: null
      fixed: 0
      value: 0.003116773229218439
    hwhm_l:
      bounds: [1.0e-09, .inf]
      constraint_expr: null
      fixed: 0
      value: 0.000531066356138088
    r:
      bounds: [0.1, .inf]
      constraint_expr: null
      fixed: 0
      value: 39.84671642610738
  settings: {distribution: single, integration_mode: spherical, lattice: F_cubic,
    lorentz_correction: 1, polarization_correction: 1, profile: voigt, q_max: 0.35,
    q_min: 0.0, space_group: Fm-3m, structure_factor_mode: radial, texture: random,
    use_symmetry: 1}
  structure: crystalline
