features: {I_fluctuation: 0.23114703257045244, Ilowq_over_Imean: 2.9206167350299665,
  Imax_over_Imean: 68.34264293747843, Imax_sharpness: 2.7557091534417717, best_hump_qwidth: 0.00026673204915923635,
  best_hump_qwidth_log: 0.001095510432326121, best_trough_qwidth: 0.0046804256998132145,
  best_trough_qwidth_log: 0.004275930908787203, logI_fluctuation: 4.483771413889433,
  logI_max_over_std: 3.855707601499202, pearson_expq: -0.24323732890091782, pearson_invexpq: 0.2703706837930833,
  pearson_q: -0.25738268918302043, pearson_q2: -0.20738544582367388, q_Icentroid: 0.0881342232765274,
  q_best_hump: 0.07971048088547797, q_best_hump_log: 0.08102224765089083, q_best_trough: 0.042584523366310634,
  q_best_trough_log: 0.045851796459253524, q_logIcentroid: -0.335217261467669, r_fftIcentroid: 0.08376658129062431}
fit_report:
  converged: 1
  error_weighted: 1
  final_objective: 0.07111907371757087
  fit_snr: 0.9398440276852577
  good_fit: 1
  initial_objective: 0.0711190737175719
  logI_weighted: 1
  q_min: 0.03
  q_range: [0.0, .inf]
  source_wavelength: 0.799898
noise:
  model: low_q_scatter
  parameters:
    I0:
      bounds: [0.0, .inf]
      constraint_expr: null
      fixed: 0
      value: 679.2245372991547
    I0_flat_fraction:
      bounds: [0.0, 1.0]
      constraint_expr: null
      fixed: 0
      value: 0.0006182699736856923
    effective_D:
      bounds: [0.0, 4.0]
      constraint_expr: null
      fixed: 0
      value: 1.9867123352325857
    effective_rg:
      bounds: [1.0, .inf]
      constraint_expr: null
      fixed: 0
      value: 173.6628253113593
sample_metadata: {data_file: R6_cool_0011_dz_bgsub.dat, experiment_id: R6_201611,
  notes: '', sample_id: R6_201611_1479768967, source_wavelength: 0.799898, time: 1479768967.0}
superlattice:
  form: spherical
  parameters:
    I0:
      bounds: [0.0, .inf]
      constraint_expr: null
      fixed: 0
      value: 6.239880205997449
    a:
      bounds: [0.1, .inf]
      constraint_expr: null
      fixed: 0
      value: 135.8374492623861
    hwhm_g:
      bounds: [1.0e-09, .inf]
      constraint_expr: null
      fixed: 0
      value: 0.003085357562538138
    hwhm_l:
      bounds: [1.0e-09, .inf]
      constraint_expr: null
      fixed: 0
      value: 0.0005474401662143302
    r:
      bounds: [0.1, .inf]
      constraint_expr: null
      fixed: 0
      value: 39.85536939416051
  settings: {distribution: single, integration_mode: spherical, lattice: F_cubic,
    lorentz_correction: 1, polarization_correction: 1, profile: voigt, q_max: 0.3,
    q_min: 0.0, space_group: Fm-3m, structure_factor_mode: radial, texture: random,
    use_symmetry: 1}
  structure: crystalline
