features: {I_fluctuation: 0.13512309214301607, Ilowq_over_Imean: 2.818356251313219,
  Imax_over_Imean: 65.41812723827125, Imax_sharpness: 2.66232104874836, best_hump_qwidth: 0.000257470033561783,
  best_hump_qwidth_log: 0.0010748403754161197, best_trough_qwidth: 0.0042637997447375,
  best_trough_qwidth_log: 0.004522708053660088, logI_fluctuation: 5.128846957847945,
  logI_max_over_std: 3.6043073799638794, pearson_expq: -0.24565220703996515, pearson_invexpq: 0.2733401068523926,
  pearson_q: -0.26007349319793904, pearson_q2: -0.20912815034402296, q_Icentroid: 0.08699919815476632,
  q_best_hump: 0.08030559871385898, q_best_hump_log: 0.08120270381488723, q_best_trough: 0.04278505477251815,
  q_best_trough_log: 0.046250062165910655, q_logIcentroid: -1.009028776224248, r_fftIcentroid: 0.08422936891114315}
fit_report:
  converged: 1
  error_weighted: 1
  final_objective: 0.07110717174227996
  fit_snr: 0.9507452721584315
  good_fit: 1
  initial_objective: 0.07110717174228098
  logI_weighted: 1
  q_min: 0.03
  q_range: [0.0, .inf]
  source_wavelength: 0.799898
noise:
  model: low_q_scatter
  parameters:
    I0:
      bounds: [0.0, .inf]
      constraint_expr: null
      fixed: 0
      value: 886.3832743445594
    I0_flat_fraction:
      bounds: [0.0, 1.0]
      constraint_expr: null
      fixed: 0
      value: 0.0004306772016841043
    effective_D:
      bounds: [0.0, 4.0]
      constraint_expr: null
      fixed: 0
      value: 2.2860781264100964
    effective_rg:
      bounds: [1.0, .inf]
      constraint_expr: null
      fixed: 0
      value: 170.05308829224427
sample_metadata: {data_file: R6_cool_0004_dz_bgsub.dat, experiment_id: R6_201611,
  notes: '', sample_id: R6_201611_1479768783, source_wavelength: 0.799898, time: 1479768783.0}
superlattice:
  form: spherical
  parameters:
    I0:
      bounds: [0.0, .inf]
      constraint_expr: null
      fixed: 0
      value: 6.734101303549732
    a:
      bounds: [0.1, .inf]
      constraint_expr: null
      fixed: 0
      value: 135.27044156970535
    hwhm_g:
      bounds: [1.0e-09, .inf]
      constraint_expr: null
      fixed: 0
      value: 0.0030483980338934513
    hwhm_l:
      bounds: [1.0e-09, .inf]
      constraint_expr: null
      fixed: 0
      value: 0.0006064650105807035
    r:
      bounds: [0.1, .inf]
      constraint_expr: null
      fixed: 0
      value: 39.94224617530755
  settings: {distribution: single, integration_mode: spherical, lattice: F_cubic,
    lorentz_correction: 1, polarization_correction: 1, profile: voigt, q_max: 0.3,
    q_min: 0.0, space_group: Fm-3m, structure_factor_mode: radial, texture: random,
    use_symmetry: 1}
  structure: crystalline
