features: {I_fluctuation: 0.34472466612838465, Ilowq_over_Imean: 2.651041662430506,
  Imax_over_Imean: 67.00443596494205, Imax_sharpness: 2.7183372560015022, best_hump_qwidth: 0.0002615971582956191,
  best_hump_qwidth_log: 0.0010515837196016546, best_trough_qwidth: 0.003958582435805451,
  best_trough_qwidth_log: 0.004030359635672665, logI_fluctuation: 4.806630042937077,
  logI_max_over_std: 3.826597147498581, pearson_expq: -0.24586524903526788, pearson_invexpq: 0.2736641868973327,
  pearson_q: -0.26034146157239146, pearson_q2: -0.20921383663115042, q_Icentroid: 0.08793866257944354,
  q_best_hump: 0.08049546547107797, q_best_hump_log: 0.08154517817554777, q_best_trough: 0.04311451888862605,
  q_best_trough_log: 0.04628662628584862, q_logIcentroid: -0.6096212814258656, r_fftIcentroid: 0.08478473094364188}
fit_report:
  converged: 1
  error_weighted: 1
  final_objective: 0.06828077962769027
  fit_snr: 0.9203471450833653
  good_fit: 1
  initial_objective: 0.07357901690901485
  logI_weighted: 1
  q_min: 0.03
  q_range: [0.03, .inf]
  source_wavelength: 0.799898
noise:
  model: low_q_scatter
  parameters:
    I0:
      bounds: [0.0, .inf]
      constraint_expr: null
      fixed: 0
      value: 487.8102846800324
    I0_flat_fraction:
      bounds: [0.0, 1.0]
      constraint_expr: null
      fixed: 0
      value: 0.0004246990349669466
    effective_D:
      bounds: [0.0, 4.0]
      constraint_expr: null
      fixed: 0
      value: 1.416425447878636
    effective_rg:
      bounds: [1.0, .inf]
      constraint_expr: null
      fixed: 0
      value: 456.06578632927983
sample_metadata: {data_file: R6_SAXS2_0008_dz_bgsub.dat, experiment_id: R6_201611,
  notes: '', sample_id: R6_201611_1479768549, source_wavelength: 0.799898, time: 1479768549.0}
superlattice:
  form: spherical
  parameters:
    I0:
      bounds: [0.0, .inf]
      constraint_expr: null
      fixed: 0
      value: 7.396670522050371
    a:
      bounds: [0.1, .inf]
      constraint_expr: null
      fixed: 0
      value: 134.65122123470317
    hwhm_g:
      bounds: [1.0e-09, .inf]
      constraint_expr: null
      fixed: 0
      value: 0.0029210077203120077
    hwhm_l:
      bounds: [1.0e-09, .inf]
      constraint_expr: null
      fixed: 0
      value: 0.0007122672029974408
    r:
      bounds: [0.1, .inf]
      constraint_expr: null
      fixed: 0
      value: 39.840156713250465
  settings: {distribution: single, integration_mode: spherical, lattice: F_cubic,
    lorentz_correction: 1, polarization_correction: 1, profile: voigt, q_max: 0.3,
    q_min: 0.0, space_group: Fm-3m, structure_factor_mode: radial, texture: random,
    use_symmetry: 1}
  structure: crystalline
