features: {I_fluctuation: 0.21935692228062134, Ilowq_over_Imean: 1.7708139965933656,
  Imax_over_Imean: 66.25454993703677, Imax_sharpness: 2.7086430337247527, best_hump_qwidth: 0.00027188047758494225,
  best_hump_qwidth_log: 0.0012053086712425038, best_trough_qwidth: 0.005615639352615657,
  best_trough_qwidth_log: 0.005078051755614162, logI_fluctuation: 5.793048927265386,
  logI_max_over_std: 3.643014694096864, pearson_expq: -0.24625168573771306, pearson_invexpq: 0.2730036590834289,
  pearson_q: -0.2602502403055251, pearson_q2: -0.2107691192668052, q_Icentroid: 0.08958768454360282,
  q_best_hump: 0.08296667668880153, q_best_hump_log: 0.08451977544915165, q_best_trough: 0.04518168592416938,
  q_best_trough_log: 0.048693042772677886, q_logIcentroid: -1.452133890630551, r_fftIcentroid: 0.08398286727512806}
fit_report:
  converged: 1
  error_weighted: 1
  final_objective: 0.07448642823782423
  fit_snr: 0.9311579729005572
  good_fit: 1
  initial_objective: 0.10586185945473317
  logI_weighted: 1
  q_min: 0.03
  q_range: [0.0, .inf]
  source_wavelength: 0.799898
noise:
  model: low_q_scatter
  parameters:
    I0:
      bounds: [0.0, .inf]
      constraint_expr: null
      fixed: 0
      value: 248.1005894225599
    I0_flat_fraction:
      bounds: [0.0, 1.0]
      constraint_expr: null
      fixed: 0
      value: 0.0014305126000961899
    effective_D:
      bounds: [0.0, 4.0]
      constraint_expr: null
      fixed: 0
      value: 2.302962157129689
    effective_rg:
      bounds: [1.0, .inf]
      constraint_expr: null
      fixed: 0
      value: 100.6608531117024
sample_metadata: {data_file: R6_SAXS1_0048_dz_bgsub.dat, experiment_id: R6_201611,
  notes: '', sample_id: R6_201611_1479768165, source_wavelength: 0.799898, time: 1479768165.0}
superlattice:
  form: spherical
  parameters:
    I0:
      bounds: [0.0, .inf]
      constraint_expr: null
      fixed: 0
      value: 5.4174824765856435
    a:
      bounds: [0.1, .inf]
      constraint_expr: null
      fixed: 0
      value: 130.55825017149485
    hwhm_g:
      bounds: [1.0e-09, .inf]
      constraint_expr: null
      fixed: 0
      value: 0.0031379572700357405
    hwhm_l:
      bounds: [1.0e-09, .inf]
      constraint_expr: null
      fixed: 0
      value: 0.0006329015604457089
    r:
      bounds: [0.1, .inf]
      constraint_expr: null
      fixed: 0
      value: 38.10601540776221
  settings: {distribution: single, integration_mode: spherical, lattice: F_cubic,
    lorentz_correction: 1, polarization_correction: 1, profile: voigt, q_max: 0.3,
    q_min: 0.0, space_group: Fm-3m, structure_factor_mode: radial, texture: random,
    use_symmetry: 1}
  structure: crystalline
