features: {I_fluctuation: 0.24139987255415002, Ilowq_over_Imean: 2.465890090935741,
  Imax_over_Imean: 67.74060996096345, Imax_sharpness: 2.750306039295186, best_hump_qwidth: 0.00026627570014263604,
  best_hump_qwidth_log: 0.001090376614021446, best_trough_qwidth: 0.004173288741781866,
  best_trough_qwidth_log: 0.004003456201579017, logI_fluctuation: 4.773688646616848,
  logI_max_over_std: 3.8421451974072793, pearson_expq: -0.2448382523321555, pearson_invexpq: 0.27227660884992305,
  pearson_q: -0.25914296229110484, pearson_q2: -0.20861572558329808, q_Icentroid: 0.08846035685883052,
  q_best_hump: 0.0807062128807235, q_best_hump_log: 0.0819904917563658, q_best_trough: 0.04320477881353135,
  q_best_trough_log: 0.04634794342737503, q_logIcentroid: -0.5212955571347265, r_fftIcentroid: 0.08425160780174958}
fit_report:
  converged: 1
  error_weighted: 1
  final_objective: 0.07199326257795924
  fit_snr: 0.9499609189672127
  good_fit: 1
  initial_objective: 0.07199326257795939
  logI_weighted: 1
  q_min: 0.03
  q_range: [0.0, .inf]
  source_wavelength: 0.799898
noise:
  model: low_q_scatter
  parameters:
    I0:
      bounds: [0.0, .inf]
      constraint_expr: null
      fixed: 0
      value: 501.8889194098019
    I0_flat_fraction:
      bounds: [0.0, 1.0]
      constraint_expr: null
      fixed: 0
      value: 0.0009601072388537579
    effective_D:
      bounds: [0.0, 4.0]
      constraint_expr: null
      fixed: 0
      value: 2.5503796375291503
    effective_rg:
      bounds: [1.0, .inf]
      constraint_expr: null
      fixed: 0
      value: 126.46526331977837
sample_metadata: {data_file: R6_SAXS1_0056_dz_bgsub.dat, experiment_id: R6_201611,
  notes: '', sample_id: R6_201611_1479768255, source_wavelength: 0.799898, time: 1479768255.0}
superlattice:
  form: spherical
  parameters:
    I0:
      bounds: [0.0, .inf]
      constraint_expr: null
      fixed: 0
      value: 6.470801221804885
    a:
      bounds: [0.1, .inf]
      constraint_expr: null
      fixed: 0
      value: 134.13792191522748
    hwhm_g:
      bounds: [1.0e-09, .inf]
      constraint_expr: null
      fixed: 0
      value: 0.0030582632735575155
    hwhm_l:
      bounds: [1.0e-09, .inf]
      constraint_expr: null
      fixed: 0
      value: 0.0006208456868538326
    r:
      bounds: [0.1, .inf]
      constraint_expr: null
      fixed: 0
      value: 39.61541487653303
  settings: {distribution: single, integration_mode: spherical, lattice: F_cubic,
    lorentz_correction: 1, polarization_correction: 1, profile: voigt, q_max: 0.3,
    q_min: 0.0, space_group: Fm-3m, structure_factor_mode: radial, texture: random,
    use_symmetry: 1}
  structure: crystalline
