features: {I_fluctuation: 0.3208576220309333, Ilowq_over_Imean: 2.572596970562444,
  Imax_over_Imean: 67.58745669689068, Imax_sharpness: 2.7416012891758665, best_hump_qwidth: 0.0002631971806984255,
  best_hump_qwidth_log: 0.0010337252548817287, best_trough_qwidth: 0.004287043328782849,
  best_trough_qwidth_log: 0.004363046567073013, logI_fluctuation: 5.293148742660315,
  logI_max_over_std: 3.9515935420678785, pearson_expq: -0.24506092787040354, pearson_invexpq: 0.2726804048222273,
  pearson_q: -0.2594494362484181, pearson_q2: -0.20862902014699933, q_Icentroid: 0.0884273065204653,
  q_best_hump: 0.08057649882790732, q_best_hump_log: 0.08172094958575368, q_best_trough: 0.04345004186614937,
  q_best_trough_log: 0.04746166996567058, q_logIcentroid: -0.36797395836346997, r_fftIcentroid: 0.08452067364949306}
fit_report:
  converged: 1
  error_weighted: 1
  final_objective: 0.06763420548795132
  fit_snr: 0.9177381699051893
  good_fit: 1
  initial_objective: 0.0683332106522053
  logI_weighted: 1
  q_min: 0.03
  q_range: [0.03, .inf]
  source_wavelength: 0.799898
noise:
  model: low_q_scatter
  parameters:
    I0:
      bounds: [0.0, .inf]
      constraint_expr: null
      fixed: 0
      value: 584.8072856253884
    I0_flat_fraction:
      bounds: [0.0, 1.0]
      constraint_expr: null
      fixed: 0
      value: 0.0004119287324140797
    effective_D:
      bounds: [0.0, 4.0]
      constraint_expr: null
      fixed: 0
      value: 1.4513126594343007
    effective_rg:
      bounds: [1.0, .inf]
      constraint_expr: null
      fixed: 0
      value: 464.48424575992686
sample_metadata: {data_file: R6_SAXS1_0061_dz_bgsub.dat, experiment_id: R6_201611,
  notes: '', sample_id: R6_201611_1479768311, source_wavelength: 0.799898, time: 1479768311.0}
superlattice:
  form: spherical
  parameters:
    I0:
      bounds: [0.0, .inf]
      constraint_expr: null
      fixed: 0
      value: 7.289323370368862
    a:
      bounds: [0.1, .inf]
      constraint_expr: null
      fixed: 0
      value: 134.45726013158236
    hwhm_g:
      bounds: [1.0e-09, .inf]
      constraint_expr: null
      fixed: 0
      value: 0.002946564176634525
    hwhm_l:
      bounds: [1.0e-09, .inf]
      constraint_expr: null
      fixed: 0
      value: 0.0006955879530573528
    r:
      bounds: [0.1, .inf]
      constraint_expr: null
      fixed: 0
      value: 39.70928369032482
  settings: {distribution: single, integration_mode: spherical, lattice: F_cubic,
    lorentz_correction: 1, polarization_correction: 1, profile: voigt, q_max: 0.3,
    q_min: 0.0, space_group: Fm-3m, structure_factor_mode: radial, texture: random,
    use_symmetry: 1}
  structure: crystalline
