features: {I_fluctuation: 0.3403191852305823, Ilowq_over_Imean: 2.64386984524321,
  Imax_over_Imean: 66.74224090646815, Imax_sharpness: 2.7109979580505392, best_hump_qwidth: 0.00026130307889924163,
  best_hump_qwidth_log: 0.0010112308483596236, best_trough_qwidth: 0.003994914494884198,
  best_trough_qwidth_log: 0.003918567961280132, logI_fluctuation: 4.704063648892778,
  logI_max_over_std: 3.960834784541924, pearson_expq: -0.2455703825508596, pearson_invexpq: 0.2733469261622656,
  pearson_q: -0.2600352298132102, pearson_q2: -0.20895144999279217, q_Icentroid: 0.08861872464490916,
  q_best_hump: 0.0804985642878979, q_best_hump_log: 0.08156783102355891, q_best_trough: 0.043190499281412775,
  q_best_trough_log: 0.04648554918618181, q_logIcentroid: -0.3342819383496083, r_fftIcentroid: 0.08454274369831005}
fit_report:
  converged: 1
  error_weighted: 1
  final_objective: 0.0680457757810016
  fit_snr: 0.9249094562112468
  good_fit: 1
  initial_objective: 0.06910864476420081
  logI_weighted: 1
  q_min: 0.03
  q_range: [0.03, .inf]
  source_wavelength: 0.799898
noise:
  model: low_q_scatter
  parameters:
    I0:
      bounds: [0.0, .inf]
      constraint_expr: null
      fixed: 0
      value: 990.6945709723135
    I0_flat_fraction:
      bounds: [0.0, 1.0]
      constraint_expr: null
      fixed: 0
      value: 0.00028767811246477315
    effective_D:
      bounds: [0.0, 4.0]
      constraint_expr: null
      fixed: 0
      value: 1.5344393758770005
    effective_rg:
      bounds: [1.0, .inf]
      constraint_expr: null
      fixed: 0
      value: 580.5058650323427
sample_metadata: {data_file: R6_SAXS2_0002_dz_bgsub.dat, experiment_id: R6_201611,
  notes: '', sample_id: R6_201611_1479768481, source_wavelength: 0.799898, time: 1479768481.0}
superlattice:
  form: spherical
  parameters:
    I0:
      bounds: [0.0, .inf]
      constraint_expr: null
      fixed: 0
      value: 7.548767510297939
    a:
      bounds: [0.1, .inf]
      constraint_expr: null
      fixed: 0
      value: 134.6464154185085
    hwhm_g:
      bounds: [1.0e-09, .inf]
      constraint_expr: null
      fixed: 0
      value: 0.0029463284621539243
    hwhm_l:
      bounds: [1.0e-09, .inf]
      constraint_expr: null
      fixed: 0
      value: 0.0006957915676352178
    r:
      bounds: [0.1, .inf]
      constraint_expr: null
      fixed: 0
      value: 39.870825484711446
  settings: {distribution: single, integration_mode: spherical, lattice: F_cubic,
    lorentz_correction: 1, polarization_correction: 1, profile: voigt, q_max: 0.35,
    q_min: 0.0, space_group: Fm-3m, structure_factor_mode: radial, texture: random,
    use_symmetry: 1}
  structure: crystalline
