features: {I_fluctuation: 0.27185594978800803, Ilowq_over_Imean: 2.4763421343162384,
  Imax_over_Imean: 66.41907784830835, Imax_sharpness: 2.7530347139560476, best_hump_qwidth: 0.0002653319225008328,
  best_hump_qwidth_log: 0.0009148934764457727, best_trough_qwidth: 0.004148978469481904,
  best_trough_qwidth_log: 0.003590449249116695, logI_fluctuation: 2.673341180498136,
  logI_max_over_std: 4.55755692067323, pearson_expq: -0.24528896878881543, pearson_invexpq: 0.27283445789028204,
  pearson_q: -0.2596446706435666, pearson_q2: -0.2089349597548934, q_Icentroid: 0.0928546313961095,
  q_best_hump: 0.0806656031937166, q_best_hump_log: 0.08190191638260744, q_best_trough: 0.04322261089968771,
  q_best_trough_log: 0.04671287967749366, q_logIcentroid: 0.04992237369652343, r_fftIcentroid: 0.08454787031154999}
fit_report:
  converged: 1
  error_weighted: 1
  final_objective: 0.06530234507414386
  fit_snr: 0.9342754778304139
  good_fit: 1
  initial_objective: 0.0917397363698437
  logI_weighted: 1
  q_min: 0.03
  q_range: [0.03, .inf]
  source_wavelength: 0.799898
noise:
  model: low_q_scatter
  parameters:
    I0:
      bounds: [0.0, .inf]
      constraint_expr: null
      fixed: 0
      value: 239.38717305770788
    I0_flat_fraction:
      bounds: [0.0, 1.0]
      constraint_expr: null
      fixed: 0
      value: 0.0021613297510416074
    effective_D:
      bounds: [0.0, 4.0]
      constraint_expr: null
      fixed: 0
      value: 1.320641402856071
    effective_rg:
      bounds: [1.0, .inf]
      constraint_expr: null
      fixed: 0
      value: 303.76205917155926
sample_metadata: {data_file: R6_SAXS1_0057_dz_bgsub.dat, experiment_id: R6_201611,
  notes: '', sample_id: R6_201611_1479768266, source_wavelength: 0.799898, time: 1479768266.0}
superlattice:
  form: spherical
  parameters:
    I0:
      bounds: [0.0, .inf]
      constraint_expr: null
      fixed: 0
      value: 7.103182632324765
    a:
      bounds: [0.1, .inf]
      constraint_expr: null
      fixed: 0
      value: 134.26804379394986
    hwhm_g:
      bounds: [1.0e-09, .inf]
      constraint_expr: null
      fixed: 0
      value: 0.002944925226311512
    hwhm_l:
      bounds: [1.0e-09, .inf]
      constraint_expr: null
      fixed: 0
      value: 0.0006953015596095069
    r:
      bounds: [0.1, .inf]
      constraint_expr: null
      fixed: 0
      value: 39.56128731832728
  settings: {distribution: single, integration_mode: spherical, lattice: F_cubic,
    lorentz_correction: 1, polarization_correction: 1, profile: voigt, q_max: 0.3,
    q_min: 0.0, space_group: Fm-3m, structure_factor_mode: radial, texture: random,
    use_symmetry: 1}
  structure: crystalline
