features: {I_fluctuation: 0.08756816285831061, Ilowq_over_Imean: 1.2204346233043248,
  Imax_over_Imean: 58.3104660985313, Imax_sharpness: 2.7118918643806014, best_hump_qwidth: 0.0002701580603085304,
  best_hump_qwidth_log: 0.0011638219905928326, best_trough_qwidth: 0.020765406068885817,
  best_trough_qwidth_log: 0.0020968570624769014, logI_fluctuation: 5.844300883588262,
  logI_max_over_std: 3.676588810418838, pearson_expq: -0.2492002651466317, pearson_invexpq: 0.272888796917567,
  pearson_q: -0.261808280368395, pearson_q2: -0.2170947705752247, q_Icentroid: 0.09958237733381739,
  q_best_hump: 0.09215382805013997, q_best_hump_log: 0.0938893508227327, q_best_trough: 0.13105855809568231,
  q_best_trough_log: 0.13243358459800894, q_logIcentroid: -2.2626778703510557, r_fftIcentroid: 0.08004282452682333}
fit_report:
  converged: 1
  error_weighted: 1
  final_objective: 0.0723195041423413
  fit_snr: 0.9083379426809032
  good_fit: 1
  initial_objective: 0.36480412094169673
  logI_weighted: 1
  q_min: 0.03
  q_range: [0.03, .inf]
  source_wavelength: 0.799898
noise:
  model: low_q_scatter
  parameters:
    I0:
      bounds: [0.0, .inf]
      constraint_expr: null
      fixed: 0
      value: 13871.724411041621
    I0_flat_fraction:
      bounds: [0.0, 1.0]
      constraint_expr: null
      fixed: 0
      value: 5.551115123125783e-17
    effective_D:
      bounds: [0.0, 4.0]
      constraint_expr: null
      fixed: 0
      value: 1.084867185901432
    effective_rg:
      bounds: [1.0, .inf]
      constraint_expr: null
      fixed: 0
      value: 28839.184410088634
sample_metadata: {data_file: R6_SAXS1_0041_dz_bgsub.dat, experiment_id: R6_201611,
  notes: '', sample_id: R6_201611_1479768086, source_wavelength: 0.799898, time: 1479768086.0}
superlattice:
  form: spherical
  parameters:
    I0:
      bounds: [0.0, .inf]
      constraint_expr: null
      fixed: 0
      value: 3.213232781291615
    a:
      bounds: [0.1, .inf]
      constraint_expr: null
      fixed: 0
      value: 118.21932043117636
    hwhm_g:
      bounds: [1.0e-09, .inf]
      constraint_expr: null
      fixed: 0
      value: 0.003268328872274462
    hwhm_l:
      bounds: [1.0e-09, .inf]
      constraint_expr: null
      fixed: 0
      value: 0.0008504963611296601
    r:
      bounds: [0.1, .inf]
      constraint_expr: null
      fixed: 0
      value: 33.46396057973136
  settings: {distribution: single, integration_mode: spherical, lattice: F_cubic,
    lorentz_correction: 1, polarization_correction: 1, profile: voigt, q_max: 0.3,
    q_min: 0.0, space_group: Fm-3m, structure_factor_mode: radial, texture: random,
    use_symmetry: 1}
  structure: crystalline
