features: {I_fluctuation: 0.39654237085848476, Ilowq_over_Imean: 2.2313095637431624,
  Imax_over_Imean: 65.53409068304724, Imax_sharpness: 2.643655199285993, best_hump_qwidth: 0.0002611422725570501,
  best_hump_qwidth_log: 0.0010544956134345455, best_trough_qwidth: 0.004385900096342275,
  best_trough_qwidth_log: 0.0043078332414238545, logI_fluctuation: 5.193023203452157,
  logI_max_over_std: 3.799849176458512, pearson_expq: -0.244612689002167, pearson_invexpq: 0.27180898985497354,
  pearson_q: -0.2588052308982237, pearson_q2: -0.2086675460457689, q_Icentroid: 0.08870509464501103,
  q_best_hump: 0.08150445295839451, q_best_hump_log: 0.08261866556662642, q_best_trough: 0.04377369308516155,
  q_best_trough_log: 0.04734131012187226, q_logIcentroid: -0.6411966079968735, r_fftIcentroid: 0.0846428200745957}
fit_report:
  converged: 1
  error_weighted: 1
  final_objective: 0.07370345486923627
  fit_snr: 0.9372265765409739
  good_fit: 0
  initial_objective: 0.07370345486923627
  logI_weighted: 1
  q_min: 0.03
  q_range: [0.0, .inf]
  source_wavelength: 0.799898
noise:
  model: low_q_scatter
  parameters:
    I0:
      bounds: [0.0, .inf]
      constraint_expr: null
      fixed: 0
      value: 253.0796570146296
    I0_flat_fraction:
      bounds: [0.0, 1.0]
      constraint_expr: null
      fixed: 0
      value: 0.0017570184962357183
    effective_D:
      bounds: [0.0, 4.0]
      constraint_expr: null
      fixed: 0
      value: 2.5053120873690022
    effective_rg:
      bounds: [1.0, .inf]
      constraint_expr: null
      fixed: 0
      value: 97.48232311989929
sample_metadata: {data_file: R6_SAXS1_0052_dz_bgsub.dat, experiment_id: R6_201611,
  notes: '', sample_id: R6_201611_1479768210, source_wavelength: 0.799898, time: 1479768210.0}
superlattice:
  form: spherical
  parameters:
    I0:
      bounds: [0.0, .inf]
      constraint_expr: null
      fixed: 0
      value: 6.18683381191933
    a:
      bounds: [0.1, .inf]
      constraint_expr: null
      fixed: 0
      value: 133.196980925682
    hwhm_g:
      bounds: [1.0e-09, .inf]
      constraint_expr: null
      fixed: 0
      value: 0.0030782648314163774
    hwhm_l:
      bounds: [1.0e-09, .inf]
      constraint_expr: null
      fixed: 0
      value: 0.0006264085687676113
    r:
      bounds: [0.1, .inf]
      constraint_expr: null
      fixed: 0
      value: 39.14821969503583
  settings: {distribution: single, integration_mode: spherical, lattice: F_cubic,
    lorentz_correction: 1, polarization_correction: 1, profile: voigt, q_max: 0.3,
    q_min: 0.0, space_group: Fm-3m, structure_factor_mode: radial, texture: random,
    use_symmetry: 1}
  structure: crystalline
