features: {I_fluctuation: 0.3599366182733471, Ilowq_over_Imean: 1.349612681267645,
  Imax_over_Imean: 63.75073028279836, Imax_sharpness: 2.878697668002038, best_hump_qwidth: 0.0002686467671277371,
  best_hump_qwidth_log: 0.0011498679036849359, best_trough_qwidth: 0.010725209245704623,
  best_trough_qwidth_log: 0.005187011810208943, logI_fluctuation: 6.100856073286926,
  logI_max_over_std: 3.742069083137621, pearson_expq: -0.24647522035182864, pearson_invexpq: 0.2717580458031421,
  pearson_q: -0.2598017769035029, pearson_q2: -0.21264072943017884, q_Icentroid: 0.09425829034700672,
  q_best_hump: 0.08695841810482283, q_best_hump_log: 0.0885434461709374, q_best_trough: 0.04848024698656733,
  q_best_trough_log: 0.049321491394695216, q_logIcentroid: -1.0669457685866885, r_fftIcentroid: 0.08214259627867956}
fit_report:
  converged: 1
  error_weighted: 1
  final_objective: 0.07758864697560594
  fit_snr: 0.9221263333019131
  good_fit: 1
  initial_objective: 0.15243898485921994
  logI_weighted: 1
  q_min: 0.03
  q_range: [0.0, .inf]
  source_wavelength: 0.799898
noise:
  model: low_q_scatter
  parameters:
    I0:
      bounds: [0.0, .inf]
      constraint_expr: null
      fixed: 0
      value: 309.3392968788462
    I0_flat_fraction:
      bounds: [0.0, 1.0]
      constraint_expr: null
      fixed: 0
      value: 0.0013069411057617941
    effective_D:
      bounds: [0.0, 4.0]
      constraint_expr: null
      fixed: 0
      value: 2.284076877928377
    effective_rg:
      bounds: [1.0, .inf]
      constraint_expr: null
      fixed: 0
      value: 122.18035087003194
sample_metadata: {data_file: R6_SAXS1_0044_dz_bgsub.dat, experiment_id: R6_201611,
  notes: '', sample_id: R6_201611_1479768120, source_wavelength: 0.799898, time: 1479768120.0}
superlattice:
  form: spherical
  parameters:
    I0:
      bounds: [0.0, .inf]
      constraint_expr: null
      fixed: 0
      value: 4.162819080498922
    a:
      bounds: [0.1, .inf]
      constraint_expr: null
      fixed: 0
      value: 124.9842216308575
    hwhm_g:
      bounds: [1.0e-09, .inf]
      constraint_expr: null
      fixed: 0
      value: 0.0032661754346442473
    hwhm_l:
      bounds: [1.0e-09, .inf]
      constraint_expr: null
      fixed: 0
      value: 0.0006730497259067603
    r:
      bounds: [0.1, .inf]
      constraint_expr: null
      fixed: 0
      value: 36.073719840462005
  settings: {distribution: single, integration_mode: spherical, lattice: F_cubic,
    lorentz_correction: 1, polarization_correction: 1, profile: voigt, q_max: 0.3,
    q_min: 0.0, space_group: Fm-3m, structure_factor_mode: radial, texture: random,
    use_symmetry: 1}
  structure: crystalline
