features: {I_fluctuation: 0.3075946279173703, Ilowq_over_Imean: 2.576305215928922,
  Imax_over_Imean: 67.40697899938306, Imax_sharpness: 2.740384474486924, best_hump_qwidth: 0.00026310306912434827,
  best_hump_qwidth_log: 0.0010338715508977567, best_trough_qwidth: 0.004195855664007813,
  best_trough_qwidth_log: 0.004142084672826879, logI_fluctuation: 5.662778985204598,
  logI_max_over_std: 3.962344177377249, pearson_expq: -0.24518454199791642, pearson_invexpq: 0.2727885547295115,
  pearson_q: -0.25956593731705624, pearson_q2: -0.2087666079774184, q_Icentroid: 0.08871077569943898,
  q_best_hump: 0.0805652760988756, q_best_hump_log: 0.08172461662973776, q_best_trough: 0.04338736011744543,
  q_best_trough_log: 0.04704133067149757, q_logIcentroid: -0.3081259575573489, r_fftIcentroid: 0.08426972322537866}
fit_report:
  converged: 1
  error_weighted: 1
  final_objective: 0.06820287953895851
  fit_snr: 0.9193150969265294
  good_fit: 1
  initial_objective: 0.06844560484742736
  logI_weighted: 1
  q_min: 0.03
  q_range: [0.03, .inf]
  source_wavelength: 0.799898
noise:
  model: low_q_scatter
  parameters:
    I0:
      bounds: [0.0, .inf]
      constraint_expr: null
      fixed: 0
      value: 515.5734318843063
    I0_flat_fraction:
      bounds: [0.0, 1.0]
      constraint_expr: null
      fixed: 0
      value: 0.00042265128890051074
    effective_D:
      bounds: [0.0, 4.0]
      constraint_expr: null
      fixed: 0
      value: 1.367484313871984
    effective_rg:
      bounds: [1.0, .inf]
      constraint_expr: null
      fixed: 0
      value: 491.65033615128243
sample_metadata: {data_file: R6_SAXS1_0062_dz_bgsub.dat, experiment_id: R6_201611,
  notes: '', sample_id: R6_201611_1479768322, source_wavelength: 0.799898, time: 1479768322.0}
superlattice:
  form: spherical
  parameters:
    I0:
      bounds: [0.0, .inf]
      constraint_expr: null
      fixed: 0
      value: 7.291197848682907
    a:
      bounds: [0.1, .inf]
      constraint_expr: null
      fixed: 0
      value: 134.5147308291376
    hwhm_g:
      bounds: [1.0e-09, .inf]
      constraint_expr: null
      fixed: 0
      value: 0.002940793027481514
    hwhm_l:
      bounds: [1.0e-09, .inf]
      constraint_expr: null
      fixed: 0
      value: 0.0006913525895514416
    r:
      bounds: [0.1, .inf]
      constraint_expr: null
      fixed: 0
      value: 39.726398754435415
  settings: {distribution: single, integration_mode: spherical, lattice: F_cubic,
    lorentz_correction: 1, polarization_correction: 1, profile: voigt, q_max: 0.3,
    q_min: 0.0, space_group: Fm-3m, structure_factor_mode: radial, texture: random,
    use_symmetry: 1}
  structure: crystalline
