features: {I_fluctuation: 0.32246961035086386, Ilowq_over_Imean: 2.6205887944054953,
  Imax_over_Imean: 67.49501326460103, Imax_sharpness: 2.7323828467389037, best_hump_qwidth: 0.0002624895899986974,
  best_hump_qwidth_log: 0.0011080072778174132, best_trough_qwidth: 0.00395962383604808,
  best_trough_qwidth_log: 0.004175509395560699, logI_fluctuation: 6.354138714145395,
  logI_max_over_std: 3.6587669197832158, pearson_expq: -0.24581802278974027, pearson_invexpq: 0.27360280852857194,
  pearson_q: -0.26028718031762593, pearson_q2: -0.2091832632723974, q_Icentroid: 0.08731394671279372,
  q_best_hump: 0.08054312674894468, q_best_hump_log: 0.08164415956043208, q_best_trough: 0.04325617160768053,
  q_best_trough_log: 0.04650331597113261, q_logIcentroid: -1.1936355893200339, r_fftIcentroid: 0.08445682327232994}
fit_report:
  converged: 1
  error_weighted: 1
  final_objective: 0.06950202036228612
  fit_snr: 0.9156385138397987
  good_fit: 1
  initial_objective: 0.07055370988677884
  logI_weighted: 1
  q_min: 0.03
  q_range: [0.03, .inf]
  source_wavelength: 0.799898
noise:
  model: low_q_scatter
  parameters:
    I0:
      bounds: [0.0, .inf]
      constraint_expr: null
      fixed: 0
      value: 577.9843460472707
    I0_flat_fraction:
      bounds: [0.0, 1.0]
      constraint_expr: null
      fixed: 0
      value: 0.00026770659979502565
    effective_D:
      bounds: [0.0, 4.0]
      constraint_expr: null
      fixed: 0
      value: 1.4030611597414757
    effective_rg:
      bounds: [1.0, .inf]
      constraint_expr: null
      fixed: 0
      value: 511.83393488656935
sample_metadata: {data_file: R6_SAXS1_0064_dz_bgsub.dat, experiment_id: R6_201611,
  notes: '', sample_id: R6_201611_1479768345, source_wavelength: 0.799898, time: 1479768345.0}
superlattice:
  form: spherical
  parameters:
    I0:
      bounds: [0.0, .inf]
      constraint_expr: null
      fixed: 0
      value: 7.499988798492346
    a:
      bounds: [0.1, .inf]
      constraint_expr: null
      fixed: 0
      value: 134.54273546419017
    hwhm_g:
      bounds: [1.0e-09, .inf]
      constraint_expr: null
      fixed: 0
      value: 0.0029292018854195634
    hwhm_l:
      bounds: [1.0e-09, .inf]
      constraint_expr: null
      fixed: 0
      value: 0.0007089410830264375
    r:
      bounds: [0.1, .inf]
      constraint_expr: null
      fixed: 0
      value: 39.750423167971384
  settings: {distribution: single, integration_mode: spherical, lattice: F_cubic,
    lorentz_correction: 1, polarization_correction: 1, profile: voigt, q_max: 0.3,
    q_min: 0.0, space_group: Fm-3m, structure_factor_mode: radial, texture: random,
    use_symmetry: 1}
  structure: crystalline
