features: {I_fluctuation: 0.302999207277535, Ilowq_over_Imean: 2.541085000432977,
  Imax_over_Imean: 67.98584860706785, Imax_sharpness: 2.750711826485294, best_hump_qwidth: 0.0002640480984491224,
  best_hump_qwidth_log: 0.0010709278690143275, best_trough_qwidth: 0.0040675096591822795,
  best_trough_qwidth_log: 0.004173477666677007, logI_fluctuation: 6.215095169846953,
  logI_max_over_std: 3.832556573919709, pearson_expq: -0.2444958388952019, pearson_invexpq: 0.272032822156968,
  pearson_q: -0.2588432418014341, pearson_q2: -0.20816976943316778, q_Icentroid: 0.08804491919473195,
  q_best_hump: 0.08061094437778807, q_best_hump_log: 0.08179877862464602, q_best_trough: 0.043239938646796205,
  q_best_trough_log: 0.046918863746185646, q_logIcentroid: -0.5987713313157504, r_fftIcentroid: 0.0843913314227488}
fit_report:
  converged: 1
  error_weighted: 1
  final_objective: 0.07019513486420621
  fit_snr: 0.909313005492041
  good_fit: 0
  initial_objective: 0.07019513486420648
  logI_weighted: 1
  q_min: 0.03
  q_range: [0.03, .inf]
  source_wavelength: 0.799898
noise:
  model: low_q_scatter
  parameters:
    I0:
      bounds: [0.0, .inf]
      constraint_expr: null
      fixed: 0
      value: 416.61011999256255
    I0_flat_fraction:
      bounds: [0.0, 1.0]
      constraint_expr: null
      fixed: 0
      value: 0.000392625229754362
    effective_D:
      bounds: [0.0, 4.0]
      constraint_expr: null
      fixed: 0
      value: 1.360612070825575
    effective_rg:
      bounds: [1.0, .inf]
      constraint_expr: null
      fixed: 0
      value: 437.08678353896715
sample_metadata: {data_file: R6_SAXS1_0059_dz_bgsub.dat, experiment_id: R6_201611,
  notes: '', sample_id: R6_201611_1479768288, source_wavelength: 0.799898, time: 1479768288.0}
superlattice:
  form: spherical
  parameters:
    I0:
      bounds: [0.0, .inf]
      constraint_expr: null
      fixed: 0
      value: 7.114453678620212
    a:
      bounds: [0.1, .inf]
      constraint_expr: null
      fixed: 0
      value: 134.3965483575699
    hwhm_g:
      bounds: [1.0e-09, .inf]
      constraint_expr: null
      fixed: 0
      value: 0.002940769625419448
    hwhm_l:
      bounds: [1.0e-09, .inf]
      constraint_expr: null
      fixed: 0
      value: 0.0006941674546975252
    r:
      bounds: [0.1, .inf]
      constraint_expr: null
      fixed: 0
      value: 39.61044734820413
  settings: {distribution: single, integration_mode: spherical, lattice: F_cubic,
    lorentz_correction: 1, polarization_correction: 1, profile: voigt, q_max: 0.3,
    q_min: 0.0, space_group: Fm-3m, structure_factor_mode: radial, texture: random,
    use_symmetry: 1}
  structure: crystalline
