features: {I_fluctuation: 0.3262501481400466, Ilowq_over_Imean: 2.6195500690161615,
  Imax_over_Imean: 67.05624758194236, Imax_sharpness: 2.731343496776688, best_hump_qwidth: 0.0002623412591651349,
  best_hump_qwidth_log: 0.0010023947126400743, best_trough_qwidth: 0.003948067679026712,
  best_trough_qwidth_log: 0.00398139334938284, logI_fluctuation: 4.808611589445429,
  logI_max_over_std: 4.05393411310716, pearson_expq: -0.24552992992082276, pearson_invexpq: 0.2732995127736487,
  pearson_q: -0.2599903352681962, pearson_q2: -0.2089189137654082, q_Icentroid: 0.08889065140050699,
  q_best_hump: 0.08052802595286257, q_best_hump_log: 0.08162233952489195, q_best_trough: 0.04324391685841772,
  q_best_trough_log: 0.04695943820552978, q_logIcentroid: -0.21590645864651953, r_fftIcentroid: 0.08480199177069697}
fit_report:
  converged: 1
  error_weighted: 1
  final_objective: 0.06831367389440396
  fit_snr: 0.9187292676761095
  good_fit: 1
  initial_objective: 0.06907579156921238
  logI_weighted: 1
  q_min: 0.03
  q_range: [0.03, .inf]
  source_wavelength: 0.799898
noise:
  model: low_q_scatter
  parameters:
    I0:
      bounds: [0.0, .inf]
      constraint_expr: null
      fixed: 0
      value: 681.6111449072529
    I0_flat_fraction:
      bounds: [0.0, 1.0]
      constraint_expr: null
      fixed: 0
      value: 0.00044007659567885105
    effective_D:
      bounds: [0.0, 4.0]
      constraint_expr: null
      fixed: 0
      value: 1.5013216250154815
    effective_rg:
      bounds: [1.0, .inf]
      constraint_expr: null
      fixed: 0
      value: 473.3898611678081
sample_metadata: {data_file: R6_SAXS1_0066_dz_bgsub.dat, experiment_id: R6_201611,
  notes: '', sample_id: R6_201611_1479768367, source_wavelength: 0.799898, time: 1479768367.0}
superlattice:
  form: spherical
  parameters:
    I0:
      bounds: [0.0, .inf]
      constraint_expr: null
      fixed: 0
      value: 7.716752337316578
    a:
      bounds: [0.1, .inf]
      constraint_expr: null
      fixed: 0
      value: 134.5856268827821
    hwhm_g:
      bounds: [1.0e-09, .inf]
      constraint_expr: null
      fixed: 0
      value: 0.0029350738878443083
    hwhm_l:
      bounds: [1.0e-09, .inf]
      constraint_expr: null
      fixed: 0
      value: 0.0006974456336309443
    r:
      bounds: [0.1, .inf]
      constraint_expr: null
      fixed: 0
      value: 39.79821684361709
  settings: {distribution: single, integration_mode: spherical, lattice: F_cubic,
    lorentz_correction: 1, polarization_correction: 1, profile: voigt, q_max: 0.35,
    q_min: 0.0, space_group: Fm-3m, structure_factor_mode: radial, texture: random,
    use_symmetry: 1}
  structure: crystalline
