features: {I_fluctuation: 0.3127818918416586, Ilowq_over_Imean: 2.5913684919391864,
  Imax_over_Imean: 67.07432339177798, Imax_sharpness: 2.734918742080653, best_hump_qwidth: 0.00026292378117956003,
  best_hump_qwidth_log: 0.0010130516497966675, best_trough_qwidth: 0.0040754971508085375,
  best_trough_qwidth_log: 0.003925182406940813, logI_fluctuation: 5.00631378392101,
  logI_max_over_std: 4.0441088277688815, pearson_expq: -0.24572518564270324, pearson_invexpq: 0.27340904628361934,
  pearson_q: -0.2601464692736827, pearson_q2: -0.20920532009462417, q_Icentroid: 0.08902124177236644,
  q_best_hump: 0.08055531863772117, q_best_hump_log: 0.08168135689363534, q_best_trough: 0.043330404033167125,
  q_best_trough_log: 0.046773102839096026, q_logIcentroid: -0.21684278943270932, r_fftIcentroid: 0.08431308906183639}
fit_report:
  converged: 1
  error_weighted: 1
  final_objective: 0.06762023928763003
  fit_snr: 0.9221511026916691
  good_fit: 1
  initial_objective: 0.06774695358182596
  logI_weighted: 1
  q_min: 0.03
  q_range: [0.03, .inf]
  source_wavelength: 0.799898
noise:
  model: low_q_scatter
  parameters:
    I0:
      bounds: [0.0, .inf]
      constraint_expr: null
      fixed: 0
      value: 552.4128209668334
    I0_flat_fraction:
      bounds: [0.0, 1.0]
      constraint_expr: null
      fixed: 0
      value: 0.0004435999096620291
    effective_D:
      bounds: [0.0, 4.0]
      constraint_expr: null
      fixed: 0
      value: 1.368725205645636
    effective_rg:
      bounds: [1.0, .inf]
      constraint_expr: null
      fixed: 0
      value: 514.2040320743534
sample_metadata: {data_file: R6_SAXS1_0063_dz_bgsub.dat, experiment_id: R6_201611,
  notes: '', sample_id: R6_201611_1479768333, source_wavelength: 0.799898, time: 1479768333.0}
superlattice:
  form: spherical
  parameters:
    I0:
      bounds: [0.0, .inf]
      constraint_expr: null
      fixed: 0
      value: 7.415542133495126
    a:
      bounds: [0.1, .inf]
      constraint_expr: null
      fixed: 0
      value: 134.5265334792289
    hwhm_g:
      bounds: [1.0e-09, .inf]
      constraint_expr: null
      fixed: 0
      value: 0.002940925437782016
    hwhm_l:
      bounds: [1.0e-09, .inf]
      constraint_expr: null
      fixed: 0
      value: 0.0006938234325747361
    r:
      bounds: [0.1, .inf]
      constraint_expr: null
      fixed: 0
      value: 39.771868617667245
  settings: {distribution: single, integration_mode: spherical, lattice: F_cubic,
    lorentz_correction: 1, polarization_correction: 1, profile: voigt, q_max: 0.3,
    q_min: 0.0, space_group: Fm-3m, structure_factor_mode: radial, texture: random,
    use_symmetry: 1}
  structure: crystalline
