features: {I_fluctuation: 0.3347005381638817, Ilowq_over_Imean: 2.642489932462408,
  Imax_over_Imean: 67.49128849519161, Imax_sharpness: 2.723137204450327, best_hump_qwidth: 0.0002618678189654023,
  best_hump_qwidth_log: 0.001126564148781506, best_trough_qwidth: 0.004150940819484801,
  best_trough_qwidth_log: 0.004644345048400535, logI_fluctuation: 6.032856216987973,
  logI_max_over_std: 3.581742150475511, pearson_expq: -0.24540344303700146, pearson_invexpq: 0.27316445121018185,
  pearson_q: -0.25986013288769816, pearson_q2: -0.2088056961062524, q_Icentroid: 0.0870014057292118,
  q_best_hump: 0.08051329092986892, q_best_hump_log: 0.08159142376328435, q_best_trough: 0.04339836123367807,
  q_best_trough_log: 0.04716609052183074, q_logIcentroid: -1.96648684766151, r_fftIcentroid: 0.08453063309852736}
fit_report:
  converged: 1
  error_weighted: 1
  final_objective: 0.07160160561614268
  fit_snr: 0.9563342417872098
  good_fit: 1
  initial_objective: 0.07160160561614304
  logI_weighted: 1
  q_min: 0.03
  q_range: [0.0, .inf]
  source_wavelength: 0.799898
noise:
  model: low_q_scatter
  parameters:
    I0:
      bounds: [0.0, .inf]
      constraint_expr: null
      fixed: 0
      value: 951.0844055021961
    I0_flat_fraction:
      bounds: [0.0, 1.0]
      constraint_expr: null
      fixed: 0
      value: 0.000451167267939645
    effective_D:
      bounds: [0.0, 4.0]
      constraint_expr: null
      fixed: 0
      value: 2.798326802390633
    effective_rg:
      bounds: [1.0, .inf]
      constraint_expr: null
      fixed: 0
      value: 150.4814766589003
sample_metadata: {data_file: R6_SAXS1_0069_dz_bgsub.dat, experiment_id: R6_201611,
  notes: '', sample_id: R6_201611_1479768401, source_wavelength: 0.799898, time: 1479768401.0}
superlattice:
  form: spherical
  parameters:
    I0:
      bounds: [0.0, .inf]
      constraint_expr: null
      fixed: 0
      value: 7.031965349386029
    a:
      bounds: [0.1, .inf]
      constraint_expr: null
      fixed: 0
      value: 134.608153412193
    hwhm_g:
      bounds: [1.0e-09, .inf]
      constraint_expr: null
      fixed: 0
      value: 0.003012545712121395
    hwhm_l:
      bounds: [1.0e-09, .inf]
      constraint_expr: null
      fixed: 0
      value: 0.0006545335563666876
    r:
      bounds: [0.1, .inf]
      constraint_expr: null
      fixed: 0
      value: 39.84824509679015
  settings: {distribution: single, integration_mode: spherical, lattice: F_cubic,
    lorentz_correction: 1, polarization_correction: 1, profile: voigt, q_max: 0.3,
    q_min: 0.0, space_group: Fm-3m, structure_factor_mode: radial, texture: random,
    use_symmetry: 1}
  structure: crystalline
