features: {I_fluctuation: 1.2080919981163747, Ilowq_over_Imean: 2.5461427234580456,
  Imax_over_Imean: 56.7885633256699, Imax_sharpness: 4.426214558499057, best_hump_qwidth: 0.0003136931524071835,
  best_hump_qwidth_log: 0.0010970623956945626, best_trough_qwidth: 0.024250556023695028,
  best_trough_qwidth_log: 0.0021246218866488227, logI_fluctuation: 5.60455863556531,
  logI_max_over_std: 3.825405628683325, pearson_expq: -0.26162486575215244, pearson_invexpq: 0.2905134597502775,
  pearson_q: -0.27666646747698953, pearson_q2: -0.22337480389761682, q_Icentroid: 0.09223832512426254,
  q_best_hump: 0.09482582785611443, q_best_hump_log: 0.09631271152841889, q_best_trough: 0.13540115827972005,
  q_best_trough_log: 0.13645497070567553, q_logIcentroid: -0.9115936748662438, r_fftIcentroid: 0.15685602182510797}
fit_report:
  converged: 1
  error_weighted: 1
  final_objective: 0.07130908072108619
  fit_snr: 0.31442837010140573
  good_fit: 1
  initial_objective: 0.44587924312305044
  logI_weighted: 1
  q_min: 0.03
  q_range: [0.037, .inf]
  source_wavelength: 0.799898
noise:
  model: low_q_scatter
  parameters:
    I0:
      bounds: [0.0, .inf]
      constraint_expr: null
      fixed: 0
      value: 9799.221653030656
    I0_flat_fraction:
      bounds: [0.0, 1.0]
      constraint_expr: null
      fixed: 0
      value: 0.0
    effective_D:
      bounds: [0.0, 4.0]
      constraint_expr: null
      fixed: 0
      value: 0.9781467113937004
    effective_rg:
      bounds: [1.0, .inf]
      constraint_expr: null
      fixed: 0
      value: 48990.128460137596
sample_metadata: {data_file: R6_SAXS1_0040_dz_bgsub.dat, experiment_id: R6_201611,
  notes: '', sample_id: R6_201611_1479768075, source_wavelength: 0.799898, time: 1479768075.0}
superlattice:
  form: spherical
  parameters:
    I0:
      bounds: [0.0, .inf]
      constraint_expr: null
      fixed: 0
      value: 2.9617415715369653
    a:
      bounds: [0.1, .inf]
      constraint_expr: null
      fixed: 0
      value: 115.41079336076135
    hwhm_g:
      bounds: [1.0e-09, .inf]
      constraint_expr: null
      fixed: 0
      value: 0.003292330263739429
    hwhm_l:
      bounds: [1.0e-09, .inf]
      constraint_expr: null
      fixed: 0
      value: 0.0009467185326298422
    r:
      bounds: [0.1, .inf]
      constraint_expr: null
      fixed: 0
      value: 32.427912305484895
  settings: {distribution: single, integration_mode: spherical, lattice: F_cubic,
    lorentz_correction: 1, polarization_correction: 1, profile: voigt, q_max: 0.3,
    q_min: 0.0, space_group: Fm-3m, structure_factor_mode: radial, texture: random,
    use_symmetry: 1}
  structure: crystalline
