features: {I_fluctuation: 0.20230584983541364, Ilowq_over_Imean: 2.019185769785661,
  Imax_over_Imean: 66.64351475820177, Imax_sharpness: 2.712431851999056, best_hump_qwidth: 0.0002707931318233859,
  best_hump_qwidth_log: 0.001154744516321532, best_trough_qwidth: 0.004372307242110207,
  best_trough_qwidth_log: 0.004234931302304212, logI_fluctuation: 4.916855931121936,
  logI_max_over_std: 3.7563985515493075, pearson_expq: -0.24505340632579803, pearson_invexpq: 0.2720585217321586,
  pearson_q: -0.2591605729843221, pearson_q2: -0.2093130212019741, q_Icentroid: 0.08902354688760751,
  q_best_hump: 0.0819105199450875, q_best_hump_log: 0.08341125821057963, q_best_trough: 0.04384475098201862,
  q_best_trough_log: 0.04719764284208233, q_logIcentroid: -0.8809695034046867, r_fftIcentroid: 0.08395030449459273}
fit_report:
  converged: 1
  error_weighted: 1
  final_objective: 0.07419308513625676
  fit_snr: 0.9338607615542406
  good_fit: 1
  initial_objective: 0.08677257853763537
  logI_weighted: 1
  q_min: 0.03
  q_range: [0.0, .inf]
  source_wavelength: 0.799898
noise:
  model: low_q_scatter
  parameters:
    I0:
      bounds: [0.0, .inf]
      constraint_expr: null
      fixed: 0
      value: 244.20620092722947
    I0_flat_fraction:
      bounds: [0.0, 1.0]
      constraint_expr: null
      fixed: 0
      value: 0.0017735803456399024
    effective_D:
      bounds: [0.0, 4.0]
      constraint_expr: null
      fixed: 0
      value: 2.531840066812285
    effective_rg:
      bounds: [1.0, .inf]
      constraint_expr: null
      fixed: 0
      value: 96.3881859135578
sample_metadata: {data_file: R6_SAXS1_0050_dz_bgsub.dat, experiment_id: R6_201611,
  notes: '', sample_id: R6_201611_1479768187, source_wavelength: 0.799898, time: 1479768187.0}
superlattice:
  form: spherical
  parameters:
    I0:
      bounds: [0.0, .inf]
      constraint_expr: null
      fixed: 0
      value: 5.830534333125634
    a:
      bounds: [0.1, .inf]
      constraint_expr: null
      fixed: 0
      value: 132.14060441392306
    hwhm_g:
      bounds: [1.0e-09, .inf]
      constraint_expr: null
      fixed: 0
      value: 0.0031188168649513015
    hwhm_l:
      bounds: [1.0e-09, .inf]
      constraint_expr: null
      fixed: 0
      value: 0.0006224272447029611
    r:
      bounds: [0.1, .inf]
      constraint_expr: null
      fixed: 0
      value: 38.79779817518107
  settings: {distribution: single, integration_mode: spherical, lattice: F_cubic,
    lorentz_correction: 1, polarization_correction: 1, profile: voigt, q_max: 0.3,
    q_min: 0.0, space_group: Fm-3m, structure_factor_mode: radial, texture: random,
    use_symmetry: 1}
  structure: crystalline
