features: {I_fluctuation: 0.34754951914069165, Ilowq_over_Imean: 2.6404116490186342,
  Imax_over_Imean: 67.31797766886814, Imax_sharpness: 2.7216298432152657, best_hump_qwidth: 0.0002616182784883488,
  best_hump_qwidth_log: 0.00105822080726087, best_trough_qwidth: 0.004096420049117694,
  best_trough_qwidth_log: 0.004519559593062398, logI_fluctuation: 5.693625848818055,
  logI_max_over_std: 3.7962194379119087, pearson_expq: -0.24493229101435954, pearson_invexpq: 0.2726369961500489,
  pearson_q: -0.25936022394538844, pearson_q2: -0.20840846203707392, q_Icentroid: 0.0878580470321125,
  q_best_hump: 0.0804973424067699, q_best_hump_log: 0.08156585839666222, q_best_trough: 0.04332557264854464,
  q_best_trough_log: 0.047652175222787696, q_logIcentroid: -0.7315836046998666, r_fftIcentroid: 0.08471790236374323}
fit_report:
  converged: 1
  error_weighted: 1
  final_objective: 0.0697573113542967
  fit_snr: 0.914015181224557
  good_fit: 1
  initial_objective: 0.07139923035032027
  logI_weighted: 1
  q_min: 0.03
  q_range: [0.03, .inf]
  source_wavelength: 0.799898
noise:
  model: low_q_scatter
  parameters:
    I0:
      bounds: [0.0, .inf]
      constraint_expr: null
      fixed: 0
      value: 1008.1403282511449
    I0_flat_fraction:
      bounds: [0.0, 1.0]
      constraint_expr: null
      fixed: 0
      value: 0.0002367111398041688
    effective_D:
      bounds: [0.0, 4.0]
      constraint_expr: null
      fixed: 0
      value: 1.5503993850209272
    effective_rg:
      bounds: [1.0, .inf]
      constraint_expr: null
      fixed: 0
      value: 584.6496336065092
sample_metadata: {data_file: R6_SAXS2_0006_dz_bgsub.dat, experiment_id: R6_201611,
  notes: '', sample_id: R6_201611_1479768526, source_wavelength: 0.799898, time: 1479768526.0}
superlattice:
  form: spherical
  parameters:
    I0:
      bounds: [0.0, .inf]
      constraint_expr: null
      fixed: 0
      value: 7.528063052509351
    a:
      bounds: [0.1, .inf]
      constraint_expr: null
      fixed: 0
      value: 134.64261809019058
    hwhm_g:
      bounds: [1.0e-09, .inf]
      constraint_expr: null
      fixed: 0
      value: 0.0029391009550659986
    hwhm_l:
      bounds: [1.0e-09, .inf]
      constraint_expr: null
      fixed: 0
      value: 0.0006977532027941935
    r:
      bounds: [0.1, .inf]
      constraint_expr: null
      fixed: 0
      value: 39.87851291357493
  settings: {distribution: single, integration_mode: spherical, lattice: F_cubic,
    lorentz_correction: 1, polarization_correction: 1, profile: voigt, q_max: 0.35,
    q_min: 0.0, space_group: Fm-3m, structure_factor_mode: radial, texture: random,
    use_symmetry: 1}
  structure: crystalline
