features: {I_fluctuation: 0.34361291997950866, Ilowq_over_Imean: 2.647929013941776,
  Imax_over_Imean: 66.73977522732922, Imax_sharpness: 2.713030375226484, best_hump_qwidth: 0.00026115166945822664,
  best_hump_qwidth_log: 0.0010110389677095255, best_trough_qwidth: 0.004301115797115875,
  best_trough_qwidth_log: 0.004416761149453834, logI_fluctuation: 5.112386781657783,
  logI_max_over_std: 3.944431695057029, pearson_expq: -0.24564989117141006, pearson_invexpq: 0.2734557447586681,
  pearson_q: -0.2601287188860531, pearson_q2: -0.20899619918837056, q_Icentroid: 0.08863434776538287,
  q_best_hump: 0.08049836811951605, q_best_hump_log: 0.08157077174743557, q_best_trough: 0.04358994154751794,
  q_best_trough_log: 0.047569246490493045, q_logIcentroid: -0.3459618572304912, r_fftIcentroid: 0.0842770579354828}
fit_report:
  converged: 1
  error_weighted: 1
  final_objective: 0.06847901079980583
  fit_snr: 0.9699059021463677
  good_fit: 1
  initial_objective: 0.06847901079980714
  logI_weighted: 1
  q_min: 0.03
  q_range: [0.0, .inf]
  source_wavelength: 0.799898
noise:
  model: low_q_scatter
  parameters:
    I0:
      bounds: [0.0, .inf]
      constraint_expr: null
      fixed: 0
      value: 857.3043523762724
    I0_flat_fraction:
      bounds: [0.0, 1.0]
      constraint_expr: null
      fixed: 0
      value: 0.0006460415448372725
    effective_D:
      bounds: [0.0, 4.0]
      constraint_expr: null
      fixed: 0
      value: 2.8301467892173777
    effective_rg:
      bounds: [1.0, .inf]
      constraint_expr: null
      fixed: 0
      value: 145.72299164120528
sample_metadata: {data_file: R6_SAXS2_0007_dz_bgsub.dat, experiment_id: R6_201611,
  notes: '', sample_id: R6_201611_1479768538, source_wavelength: 0.799898, time: 1479768538.0}
superlattice:
  form: spherical
  parameters:
    I0:
      bounds: [0.0, .inf]
      constraint_expr: null
      fixed: 0
      value: 6.8336238041261606
    a:
      bounds: [0.1, .inf]
      constraint_expr: null
      fixed: 0
      value: 134.63994325275482
    hwhm_g:
      bounds: [1.0e-09, .inf]
      constraint_expr: null
      fixed: 0
      value: 0.0030092889304825787
    hwhm_l:
      bounds: [1.0e-09, .inf]
      constraint_expr: null
      fixed: 0
      value: 0.0006531913120894073
    r:
      bounds: [0.1, .inf]
      constraint_expr: null
      fixed: 0
      value: 39.89429213060286
  settings: {distribution: single, integration_mode: spherical, lattice: F_cubic,
    lorentz_correction: 1, polarization_correction: 1, profile: voigt, q_max: 0.3,
    q_min: 0.0, space_group: Fm-3m, structure_factor_mode: radial, texture: random,
    use_symmetry: 1}
  structure: crystalline
