features: {I_fluctuation: 0.337505847178913, Ilowq_over_Imean: 2.63008889546173, Imax_over_Imean: 66.81031617974405,
  Imax_sharpness: 2.7150156543313604, best_hump_qwidth: 0.0002618232929103777, best_hump_qwidth_log: 0.0010421297034366164,
  best_trough_qwidth: 0.0040312179066140765, best_trough_qwidth_log: 0.004072427340088234,
  logI_fluctuation: 4.623585532783581, logI_max_over_std: 3.89477014084326, pearson_expq: -0.24585935812881646,
  pearson_invexpq: 0.2735931544337108, pearson_q: -0.26030423001921177, pearson_q2: -0.2092801462217914,
  q_Icentroid: 0.08839204050003263, q_best_hump: 0.0805096487020944, q_best_hump_log: 0.08158935158339786,
  q_best_trough: 0.04321863870413456, q_best_trough_log: 0.046594297421069464, q_logIcentroid: -0.37271659743386487,
  r_fftIcentroid: 0.08436652971352332}
fit_report:
  converged: 1
  error_weighted: 1
  final_objective: 0.06861024870847025
  fit_snr: 0.9214564681920843
  good_fit: 1
  initial_objective: 0.06872837955961826
  logI_weighted: 1
  q_min: 0.03
  q_range: [0.03, .inf]
  source_wavelength: 0.799898
noise:
  model: low_q_scatter
  parameters:
    I0:
      bounds: [0.0, .inf]
      constraint_expr: null
      fixed: 0
      value: 642.9100511178705
    I0_flat_fraction:
      bounds: [0.0, 1.0]
      constraint_expr: null
      fixed: 0
      value: 0.0003349955012338368
    effective_D:
      bounds: [0.0, 4.0]
      constraint_expr: null
      fixed: 0
      value: 1.4403476601871896
    effective_rg:
      bounds: [1.0, .inf]
      constraint_expr: null
      fixed: 0
      value: 500.57246580535804
sample_metadata: {data_file: R6_SAXS1_0070_dz_bgsub.dat, experiment_id: R6_201611,
  notes: '', sample_id: R6_201611_1479768412, source_wavelength: 0.799898, time: 1479768412.0}
superlattice:
  form: spherical
  parameters:
    I0:
      bounds: [0.0, .inf]
      constraint_expr: null
      fixed: 0
      value: 7.723144900508572
    a:
      bounds: [0.1, .inf]
      constraint_expr: null
      fixed: 0
      value: 134.61495165752973
    hwhm_g:
      bounds: [1.0e-09, .inf]
      constraint_expr: null
      fixed: 0
      value: 0.002948517885508095
    hwhm_l:
      bounds: [1.0e-09, .inf]
      constraint_expr: null
      fixed: 0
      value: 0.0006926099104503924
    r:
      bounds: [0.1, .inf]
      constraint_expr: null
      fixed: 0
      value: 39.8735644416972
  settings: {distribution: single, integration_mode: spherical, lattice: F_cubic,
    lorentz_correction: 1, polarization_correction: 1, profile: voigt, q_max: 0.35,
    q_min: 0.0, space_group: Fm-3m, structure_factor_mode: radial, texture: random,
    use_symmetry: 1}
  structure: crystalline
