features: {I_fluctuation: 0.15336641580557014, Ilowq_over_Imean: 2.378122915724806,
  Imax_over_Imean: 66.70086310164626, Imax_sharpness: 2.71499294600111, best_hump_qwidth: 0.00026970413726636397,
  best_hump_qwidth_log: 0.0011158002707459217, best_trough_qwidth: 0.0043050942852225485,
  best_trough_qwidth_log: 0.004349153673194974, logI_fluctuation: 4.619610651146182,
  logI_max_over_std: 3.833994002650928, pearson_expq: -0.2447343285806826, pearson_invexpq: 0.27210899845779124,
  pearson_q: -0.2590084952216007, pearson_q2: -0.20858497512364407, q_Icentroid: 0.0885334575110092,
  q_best_hump: 0.08084060575574956, q_best_hump_log: 0.08224130116330655, q_best_trough: 0.04345725741624601,
  q_best_trough_log: 0.04733395803049789, q_logIcentroid: -0.5281449312135523, r_fftIcentroid: 0.08417064278675376}
fit_report:
  converged: 1
  error_weighted: 1
  final_objective: 0.07287019154559249
  fit_snr: 0.9401084590067674
  good_fit: 1
  initial_objective: 0.2263113948854975
  logI_weighted: 1
  q_min: 0.03
  q_range: [0.0, .inf]
  source_wavelength: 0.799898
noise:
  model: low_q_scatter
  parameters:
    I0:
      bounds: [0.0, .inf]
      constraint_expr: null
      fixed: 0
      value: 522.4580403575973
    I0_flat_fraction:
      bounds: [0.0, 1.0]
      constraint_expr: null
      fixed: 0
      value: 0.0008861278859699229
    effective_D:
      bounds: [0.0, 4.0]
      constraint_expr: null
      fixed: 0
      value: 2.483904541655159
    effective_rg:
      bounds: [1.0, .inf]
      constraint_expr: null
      fixed: 0
      value: 129.66184810768743
sample_metadata: {data_file: R6_SAXS1_0054_dz_bgsub.dat, experiment_id: R6_201611,
  notes: '', sample_id: R6_201611_1479768232, source_wavelength: 0.799898, time: 1479768232.0}
superlattice:
  form: spherical
  parameters:
    I0:
      bounds: [0.0, .inf]
      constraint_expr: null
      fixed: 0
      value: 6.23039206423643
    a:
      bounds: [0.1, .inf]
      constraint_expr: null
      fixed: 0
      value: 133.80068613104248
    hwhm_g:
      bounds: [1.0e-09, .inf]
      constraint_expr: null
      fixed: 0
      value: 0.0030802986075598726
    hwhm_l:
      bounds: [1.0e-09, .inf]
      constraint_expr: null
      fixed: 0
      value: 0.0006090549443137361
    r:
      bounds: [0.1, .inf]
      constraint_expr: null
      fixed: 0
      value: 39.436562336203345
  settings: {distribution: single, integration_mode: spherical, lattice: F_cubic,
    lorentz_correction: 1, polarization_correction: 1, profile: voigt, q_max: 0.3,
    q_min: 0.0, space_group: Fm-3m, structure_factor_mode: radial, texture: random,
    use_symmetry: 1}
  structure: crystalline
