features: {I_fluctuation: 1.5880471499197573, Ilowq_over_Imean: 0.8829726992056719,
  Imax_over_Imean: 1.0614758054737146, Imax_sharpness: 1.0324810310625112, best_hump_qwidth: 0.00013347836650268223,
  best_hump_qwidth_log: 7.176497268963003e-05, best_trough_qwidth: 0.00013347836650268223,
  best_trough_qwidth_log: 7.176497268963003e-05, logI_fluctuation: 1.1950631437251062,
  logI_max_over_std: 22.04809514964529, pearson_expq: 0.37031823773050243, pearson_invexpq: -0.41756067528005525,
  pearson_q: 0.3938270201470318, pearson_q2: 0.308500184442674, q_Icentroid: 0.3149107314819479,
  q_best_hump: 0.03532860150494588, q_best_hump_log: 0.03368935023099984, q_best_trough: 0.03532860150494588,
  q_best_trough_log: 0.03368935023099984, q_logIcentroid: 0.3129632069880218, r_fftIcentroid: 0.15234306464901406}
fit_report:
  converged: 1
  error_weighted: 1
  final_objective: 0.003795821183213213
  fit_snr: 13.011468289209075
  good_fit: 1
  initial_objective: 0.003795821183213213
  logI_weighted: 1
  q_range: [0.0, .inf]
  source_wavelength: 0.799898
noise:
  model: flat
  parameters:
    I0:
      bounds: [0.0, .inf]
      constraint_expr: null
      fixed: 0
      value: 9.000279861918207
sample_metadata: {data_file: R1_2rdcool_0015_dz_bgsub.dat, experiment_id: R1_201611,
  notes: '', sample_id: R1_201611_1479586261, source_wavelength: 0.799898, time: 1479586261.0}
