ODE_extra_flowrate: 2.6801298148470774
ODE_extra_fraction: 0.12195017360132554
ODE_extra_setpoint: 2.6193400270637364
ODE_flowrate: 2.578500744000187
ODE_setpoint: 0.0
Pd_TOP_flowrate: 14.879303734703916
Pd_TOP_setpoint: 14.352167565052651
TOP_flowrate: 0.011771691119187466
TOP_fraction: 0.0004118519705634947
TOP_setpoint: 0.0
T_read_A: 242.0672
T_set: 242.07797563696124
experiment_id: RxnD_201902
exposure_time: 10.0
flowrate: 21.47895421827138
flowreactor_design_categorical_constraints: {crystalline_flag: 0, dilute_sphere_flag: 1,
  disordered_flag: 0}
flowreactor_design_constraints: {r0_sphere: 11.620425404140612}
flowreactor_design_domain:
  ODE_extra_fraction: [0.0, 0.3]
  TOP_fraction: [0.0, 0.3]
  T_set: [220.0, 310.0]
  flowrate: [20.0, 100.0]
  oleylamine_fraction: [0.0, 0.3]
flowreactor_design_mode: MPI_exploration
flowreactor_design_range_constraints:
  I0_fraction_sphere: [0.9, 1.0]
  I0_sphere: [10.0, 1000000.0]
  sigma_sphere: [0.0, 0.1]
oleylamine_flowrate: 4.587451336719269
oleylamine_fraction: 0.20943989554933598
oleylamine_setpoint: 4.498617744140726
sample_id: RxnD_201902_1549740122
source_wavelength: 0.799898
time: 1549742516.126106
