ODE_extra_flowrate: 16.75976632236164
ODE_extra_fraction: 0.1877407411711985
ODE_extra_setpoint: 17.3658799667575
ODE_flowrate: -1.1611482696859519
ODE_setpoint: 0.0
Pd_TOP_flowrate: 49.12276500935662
Pd_TOP_setpoint: 51.08833048554154
TOP_flowrate: 1.1673355862890762
TOP_fraction: 0.012036151490273206
TOP_setpoint: 1.1133046395108954
T_read_A: 288.271
T_set: 288.25288040064765
experiment_id: RxnB_20190329
exposure_time: 10.0
flowrate: 92.49955547181725
flowreactor_design_categorical_constraints: {crystalline_flag: 0, dilute_sphere_flag: 1,
  disordered_flag: 0}
flowreactor_design_constraints: {r0_sphere: 18.76760309751066}
flowreactor_design_domain:
  ODE_extra_fraction: [0.0, 0.3]
  TOP_fraction: [0.0, 0.3]
  T_set: [220.0, 310.0]
  flowrate: [20.0, 100.0]
  oleylamine_fraction: [0.0, 0.3]
flowreactor_design_mode: MPI_exploitation
flowreactor_design_range_constraints:
  I0_fraction_sphere: [0.9, 1.0]
  I0_sphere: [10.0, 1000000.0]
  sigma_sphere: [0.0, 0.1]
oleylamine_flowrate: 21.83624335147982
oleylamine_fraction: 0.24791436550752038
oleylamine_setpoint: 22.93195278990583
sample_id: RxnB_20190329_1554035356
source_wavelength: 0.799898
time: 1554036116.272716
