ODE_extra_flowrate: 10.625292066875057
ODE_extra_fraction: 0.2875730142883724
ODE_extra_setpoint: 10.46400352881973
ODE_flowrate: 0.03206934450331115
ODE_setpoint: 0.0
Pd_TOP_flowrate: 5.214301736007893
Pd_TOP_setpoint: 5.172512546545888
TOP_flowrate: 10.328045865634863
TOP_fraction: 0.28204275535053647
TOP_setpoint: 10.26267931923359
T_read_A: 222.0955
T_set: 222.11721382881427
experiment_id: RxnB_20190329
exposure_time: 10.0
flowrate: 36.38724656991336
flowreactor_design_categorical_constraints: {crystalline_flag: 0, dilute_sphere_flag: 1,
  disordered_flag: 0}
flowreactor_design_constraints: {r0_sphere: 26.341288862336157}
flowreactor_design_domain:
  ODE_extra_fraction: [0.0, 0.3]
  TOP_fraction: [0.0, 0.3]
  T_set: [220.0, 310.0]
  flowrate: [20.0, 100.0]
  oleylamine_fraction: [0.0, 0.3]
flowreactor_design_mode: MPI_exploration
flowreactor_design_range_constraints:
  I0_fraction_sphere: [0.9, 1.0]
  I0_sphere: [10.0, 1000000.0]
  sigma_sphere: [0.0, 0.1]
oleylamine_flowrate: 10.498003770851112
oleylamine_fraction: 0.28823215941274616
oleylamine_setpoint: 10.487992428536117
sample_id: RxnB_20190329_1554049356
source_wavelength: 0.799898
time: 1554051163.208341
