ODE_extra_flowrate: 0.37566327957635315
ODE_extra_fraction: 0.009596245939055538
ODE_extra_setpoint: 0.37245448628626426
ODE_flowrate: -0.03206934450331115
ODE_setpoint: 0.0
Pd_TOP_flowrate: 30.82446801607589
Pd_TOP_setpoint: 31.42776537856281
TOP_flowrate: 0.5522052521916987
TOP_fraction: 0.014262390594883899
TOP_setpoint: 0.5535255365181319
T_read_A: 250.3144
T_set: 250.29153674516752
experiment_id: RxnB_20190329
exposure_time: 10.0
flowrate: 38.81053821739148
flowreactor_design_categorical_constraints: {crystalline_flag: 0, dilute_sphere_flag: 1,
  disordered_flag: 0}
flowreactor_design_constraints: {r0_sphere: 15.046200024591926}
flowreactor_design_domain:
  ODE_extra_fraction: [0.0, 0.3]
  TOP_fraction: [0.0, 0.3]
  T_set: [220.0, 310.0]
  flowrate: [20.0, 100.0]
  oleylamine_fraction: [0.0, 0.3]
flowreactor_design_mode: MPI_exploitation
flowreactor_design_range_constraints:
  I0_fraction_sphere: [0.9, 1.0]
  I0_sphere: [10.0, 1000000.0]
  sigma_sphere: [0.0, 0.1]
oleylamine_flowrate: 6.5959061193965205
oleylamine_fraction: 0.16636571386250443
oleylamine_setpoint: 6.456741483056561
sample_id: RxnB_20190329_1554061928
source_wavelength: 0.799898
time: 1554063633.543866
