ODE_extra_flowrate: 9.489572592450049
ODE_extra_fraction: 0.2830042351812779
ODE_extra_setpoint: 9.485345363215176
ODE_flowrate: 0.7845081086899948
ODE_setpoint: 0.0
Pd_TOP_flowrate: 16.82058327635626
Pd_TOP_setpoint: 16.300518305190923
TOP_flowrate: 1.014831891701568
TOP_fraction: 0.03028926877857773
TOP_setpoint: 1.0151894449063856
T_read_A: 309.7745
T_set: 309.7916631515848
experiment_id: RxnB_20190329
exposure_time: 10.0
flowrate: 33.51661174964205
flowreactor_design_categorical_constraints: {crystalline_flag: 0, dilute_sphere_flag: 1,
  disordered_flag: 0}
flowreactor_design_constraints: {r0_sphere: 30.051893816347366}
flowreactor_design_domain:
  ODE_extra_fraction: [0.0, 0.3]
  TOP_fraction: [0.0, 0.3]
  T_set: [220.0, 310.0]
  flowrate: [20.0, 100.0]
  oleylamine_fraction: [0.0, 0.3]
flowreactor_design_mode: MPI_exploration
flowreactor_design_range_constraints:
  I0_fraction_sphere: [0.9, 1.0]
  I0_sphere: [10.0, 1000000.0]
  sigma_sphere: [0.0, 0.1]
oleylamine_flowrate: 6.8818244814387155
oleylamine_fraction: 0.20036637903086188
oleylamine_setpoint: 6.7155584734728855
sample_id: RxnB_20190329_1554074813
source_wavelength: 0.799898
time: 1554076762.372826
