ODE_extra_flowrate: 0.3439661633844193
ODE_extra_fraction: 0.006261432499121123
ODE_extra_setpoint: 0.40209968710840854
ODE_flowrate: 6.668064767058241
ODE_setpoint: 0.0
Pd_TOP_flowrate: 40.35541014642189
Pd_TOP_setpoint: 40.49974020813489
TOP_flowrate: 3.8212109068266873
TOP_fraction: 0.06324960843558497
TOP_setpoint: 4.061973549644481
T_read_A: 308.3699
T_set: 308.3440978082837
experiment_id: RxnB_20190329
exposure_time: 10.0
flowrate: 64.22036279073751
flowreactor_design_categorical_constraints: {crystalline_flag: 0, dilute_sphere_flag: 1,
  disordered_flag: 0}
flowreactor_design_constraints: {r0_sphere: 17.494703825666825}
flowreactor_design_domain:
  ODE_extra_fraction: [0.0, 0.3]
  TOP_fraction: [0.0, 0.3]
  T_set: [220.0, 310.0]
  flowrate: [20.0, 100.0]
  oleylamine_fraction: [0.0, 0.3]
flowreactor_design_mode: MPI_exploration
flowreactor_design_range_constraints:
  I0_fraction_sphere: [0.9, 1.0]
  I0_sphere: [10.0, 1000000.0]
  sigma_sphere: [0.0, 0.1]
oleylamine_flowrate: 18.984753560833045
oleylamine_fraction: 0.29985249471395
oleylamine_setpoint: 19.25657744364565
sample_id: RxnB_20190329_1554095723
source_wavelength: 0.799898
time: 1554096800.887522
