ODE_extra_flowrate: 5.977080402616473
ODE_extra_fraction: 0.26010043606913535
ODE_extra_setpoint: 5.846860014657023
ODE_flowrate: 0.08250636132524745
ODE_setpoint: 0.0
Pd_TOP_flowrate: 9.051087184087384
Pd_TOP_setpoint: 8.93650155492869
TOP_flowrate: 6.2714668242459775
TOP_fraction: 0.2816143541294847
TOP_setpoint: 6.330579597271297
T_read_A: 220.285
T_set: 220.28956165230701
experiment_id: RxnB_20190329
exposure_time: 10.0
flowrate: 22.479410474026256
flowreactor_design_categorical_constraints: {crystalline_flag: 0, dilute_sphere_flag: 1,
  disordered_flag: 0}
flowreactor_design_constraints: {r0_sphere: 37.87899342942646}
flowreactor_design_domain:
  ODE_extra_fraction: [0.0, 0.3]
  TOP_fraction: [0.0, 0.3]
  T_set: [220.0, 310.0]
  flowrate: [20.0, 100.0]
  oleylamine_fraction: [0.0, 0.3]
flowreactor_design_mode: MPI_exploration
flowreactor_design_range_constraints:
  I0_fraction_sphere: [0.9, 1.0]
  I0_sphere: [10.0, 1000000.0]
  sigma_sphere: [0.0, 0.1]
oleylamine_flowrate: 1.4285443698900913
oleylamine_fraction: 0.06074419874415594
oleylamine_setpoint: 1.3655105154096583
sample_id: RxnB_20190329_1554066952
source_wavelength: 0.799898
time: 1554069778.782213
