ODE_bad_flow_detected: 0
ODE_extra_bad_flow_detected: 0
ODE_extra_flowrate: 187833.0
ODE_extra_flowrate_ok: 1
ODE_extra_fraction: 0.2830542979869474
ODE_extra_setpoint: 188227.0
ODE_extra_volume_limit_ok: 1
ODE_flowrate: 0.0
ODE_flowrate_ok: 1
ODE_setpoint: 0.0
ODE_volume_limit_ok: 1
Pd_TOP_bad_flow_detected: 0
Pd_TOP_flowrate: 633834.0
Pd_TOP_flowrate_ok: 1
Pd_TOP_setpoint: 633867.0
Pd_TOP_volume_limit_ok: 1
TOP_bad_flow_detected: 0
TOP_flowrate: 9500.0
TOP_flowrate_ok: 1
TOP_fraction: 0.0034796979645508068
TOP_setpoint: 9245.0
TOP_volume_limit_ok: 1
T_read_A: 290.4976
T_set: 290.5293099081385
experiment_id: R1_20190424
exposure_time: 10.0
flowrate: 119.94390320821147
oleylamine_bad_flow_detected: 0
oleylamine_flowrate: 3666.0
oleylamine_flowrate_ok: 1
oleylamine_fraction: 0.0005922058460783881
oleylamine_setpoint: 2673.0
oleylamine_volume_limit_ok: 1
reaction_id: R1_20190424_1
sample_id: R1_20190424_1_1556201300
source_wavelength: 0.799898
time: 1556201300.34782
