ODE_bad_flow_detected: 0
ODE_extra_bad_flow_detected: 0
ODE_extra_flowrate: 1333.0
ODE_extra_flowrate_ok: 1
ODE_extra_fraction: 0.00028163589442528077
ODE_extra_setpoint: 475.0
ODE_extra_volume_limit_ok: 1
ODE_flowrate: 0.0
ODE_flowrate_ok: 1
ODE_setpoint: 0.0
ODE_volume_limit_ok: 1
Pd_TOP_bad_flow_detected: 0
Pd_TOP_flowrate: 163667.0
Pd_TOP_flowrate_ok: 1
Pd_TOP_setpoint: 164055.0
Pd_TOP_volume_limit_ok: 1
TOP_bad_flow_detected: 0
TOP_flowrate: 833.0
TOP_flowrate_ok: 1
TOP_fraction: 0.0008499708768448331
TOP_setpoint: 1071.0
TOP_volume_limit_ok: 1
T_read_A: 285.0383
T_set: 285.05346003323587
experiment_id: R1_20190424
exposure_time: 10.0
flowrate: 20.099356988037922
oleylamine_bad_flow_detected: 0
oleylamine_flowrate: 41166.0
oleylamine_flowrate_ok: 1
oleylamine_fraction: 0.1839838586296274
oleylamine_setpoint: 41204.0
oleylamine_volume_limit_ok: 1
reaction_id: R1_20190424_5
sample_id: R1_20190424_5_1556245572
source_wavelength: 0.799898
time: 1556245572.003213
