ODE_bad_flow_detected: 0
ODE_extra_bad_flow_detected: 0
ODE_extra_flowrate: 666.0
ODE_extra_flowrate_ok: 1
ODE_extra_fraction: 0.000354238870525949
ODE_extra_setpoint: 570.0
ODE_extra_volume_limit_ok: 1
ODE_flowrate: 500.0
ODE_flowrate_ok: 1
ODE_setpoint: 0.0
ODE_volume_limit_ok: 1
Pd_TOP_bad_flow_detected: 0
Pd_TOP_flowrate: 170667.0
Pd_TOP_flowrate_ok: 1
Pd_TOP_setpoint: 172365.0
Pd_TOP_volume_limit_ok: 1
TOP_bad_flow_detected: 0
TOP_flowrate: 1166.0
TOP_flowrate_ok: 1
TOP_fraction: 0.0007409760113909779
TOP_setpoint: 1001.0
TOP_volume_limit_ok: 1
T_read_A: 285.7304
T_set: 285.70043192065344
experiment_id: R1_20190424
exposure_time: 10.0
flowrate: 20.873785626944237
oleylamine_bad_flow_detected: 0
oleylamine_flowrate: 39500.0
oleylamine_flowrate_ok: 1
oleylamine_fraction: 0.1653888615109082
oleylamine_setpoint: 39290.0
oleylamine_volume_limit_ok: 1
reaction_id: R1_20190424_7
sample_id: R1_20190424_7_1556218812
source_wavelength: 0.799898
time: 1556218812.072171
