ODE_bad_flow_detected: 0
ODE_extra_bad_flow_detected: 0
ODE_extra_flowrate: 6333.0
ODE_extra_flowrate_ok: 1
ODE_extra_fraction: 0.005378507178741902
ODE_extra_setpoint: 6426.0
ODE_extra_volume_limit_ok: 1
ODE_flowrate: -1666.0
ODE_flowrate_ok: 1
ODE_setpoint: 0.0
ODE_volume_limit_ok: 1
Pd_TOP_bad_flow_detected: 0
Pd_TOP_flowrate: 355167.0
Pd_TOP_flowrate_ok: 1
Pd_TOP_setpoint: 355772.0
Pd_TOP_volume_limit_ok: 1
TOP_bad_flow_detected: 0
TOP_flowrate: 16000.0
TOP_flowrate_ok: 1
TOP_fraction: 0.019844730305283408
TOP_setpoint: 15789.0
TOP_volume_limit_ok: 1
T_read_A: 264.5264
T_set: 264.55756454675907
experiment_id: R1_20190424
exposure_time: 10.0
flowrate: 46.506141992018186
oleylamine_bad_flow_detected: 0
oleylamine_flowrate: 38333.0
oleylamine_flowrate_ok: 1
oleylamine_fraction: 0.06736586401549001
oleylamine_setpoint: 36737.0
oleylamine_volume_limit_ok: 1
reaction_id: R1_20190424_3
sample_id: R1_20190424_3_1556212891
source_wavelength: 0.799898
time: 1556212891.256728
