ODE_bad_flow_detected: 0
ODE_extra_bad_flow_detected: 0
ODE_extra_flowrate: 163333.0
ODE_extra_flowrate_ok: 1
ODE_extra_fraction: 0.23290901877055722
ODE_extra_setpoint: 164295.0
ODE_extra_volume_limit_ok: 1
ODE_flowrate: 500.0
ODE_flowrate_ok: 1
ODE_setpoint: 0.0
ODE_volume_limit_ok: 1
Pd_TOP_bad_flow_detected: 0
Pd_TOP_flowrate: 666668.0
Pd_TOP_flowrate_ok: 1
Pd_TOP_setpoint: 669409.0
Pd_TOP_volume_limit_ok: 1
TOP_bad_flow_detected: 0
TOP_flowrate: 7333.0
TOP_flowrate_ok: 1
TOP_fraction: 0.0027400042330525004
TOP_setpoint: 7854.0
TOP_volume_limit_ok: 1
T_read_A: 293.6983
T_set: 293.66673387101474
experiment_id: R1_20190424
exposure_time: 10.0
flowrate: 119.61655627735108
oleylamine_bad_flow_detected: 0
oleylamine_flowrate: 1166.0
oleylamine_flowrate_ok: 1
oleylamine_fraction: 0.000217878127856648
oleylamine_setpoint: 1335.0
oleylamine_volume_limit_ok: 1
reaction_id: R1_20190424_0
sample_id: R1_20190424_0_1556200015
source_wavelength: 0.799898
time: 1556200015.737602
