ODE_bad_flow_detected: 0
ODE_extra_bad_flow_detected: 0
ODE_extra_flowrate: 2333.0
ODE_extra_flowrate_ok: 1
ODE_extra_fraction: 0.0013138806900228593
ODE_extra_setpoint: 1890.0
ODE_extra_volume_limit_ok: 1
ODE_flowrate: 1000.0
ODE_flowrate_ok: 1
ODE_setpoint: 0.0
ODE_volume_limit_ok: 1
Pd_TOP_bad_flow_detected: 0
Pd_TOP_flowrate: 260833.0
Pd_TOP_flowrate_ok: 1
Pd_TOP_setpoint: 258933.0
Pd_TOP_volume_limit_ok: 1
TOP_bad_flow_detected: 0
TOP_flowrate: 32500.0
TOP_flowrate_ok: 1
TOP_fraction: 0.0823955802049582
TOP_setpoint: 32138.0
TOP_volume_limit_ok: 1
T_read_A: 299.806
T_set: 299.7647073817087
experiment_id: R1_20190424
exposure_time: 10.0
flowrate: 32.12820857365432
oleylamine_bad_flow_detected: 0
oleylamine_flowrate: 14833.0
oleylamine_flowrate_ok: 1
oleylamine_fraction: 0.025612630724939696
oleylamine_setpoint: 14563.0
oleylamine_volume_limit_ok: 1
reaction_id: R1_20190424_4
sample_id: R1_20190424_4_1556235422
source_wavelength: 0.799898
time: 1556235422.797395
