ODE_bad_flow_detected: 0
ODE_extra_bad_flow_detected: 0
ODE_extra_flowrate: 333.0
ODE_extra_flowrate_ok: 1
ODE_extra_fraction: 0.0001334521813537357
ODE_extra_setpoint: 283.0
ODE_extra_volume_limit_ok: 1
ODE_flowrate: 2166.0
ODE_flowrate_ok: 1
ODE_setpoint: 0.0
ODE_volume_limit_ok: 1
Pd_TOP_bad_flow_detected: 0
Pd_TOP_flowrate: 168333.0
Pd_TOP_flowrate_ok: 1
Pd_TOP_setpoint: 166420.0
Pd_TOP_volume_limit_ok: 1
TOP_bad_flow_detected: 0
TOP_flowrate: 2000.0
TOP_flowrate_ok: 1
TOP_fraction: 0.0015799558868811513
TOP_setpoint: 1623.0
TOP_volume_limit_ok: 1
T_read_A: 284.8439
T_set: 284.8347724347808
experiment_id: R1_20190424
exposure_time: 10.0
flowrate: 20.02480496011156
oleylamine_bad_flow_detected: 0
oleylamine_flowrate: 38666.0
oleylamine_flowrate_ok: 1
oleylamine_fraction: 0.1659298641230259
oleylamine_setpoint: 38263.0
oleylamine_volume_limit_ok: 1
reaction_id: R1_20190424_9
sample_id: R1_20190424_9_1556257839
source_wavelength: 0.799898
time: 1556257839.421648
