ODE_bad_flow_detected: 0
ODE_extra_bad_flow_detected: 0
ODE_extra_flowrate: 57166.0
ODE_extra_flowrate_ok: 1
ODE_extra_fraction: 0.2969849328921099
ODE_extra_setpoint: 57360.0
ODE_extra_volume_limit_ok: 1
ODE_flowrate: 1000.0
ODE_flowrate_ok: 1
ODE_setpoint: 0.0
ODE_volume_limit_ok: 1
Pd_TOP_bad_flow_detected: 0
Pd_TOP_flowrate: 139000.0
Pd_TOP_flowrate_ok: 1
Pd_TOP_setpoint: 140528.0
Pd_TOP_volume_limit_ok: 1
TOP_bad_flow_detected: 0
TOP_flowrate: 3333.0
TOP_flowrate_ok: 1
TOP_fraction: 0.0015608616584369482
TOP_setpoint: 1625.0
TOP_volume_limit_ok: 1
T_read_A: 249.9186
T_set: 249.96621230318956
experiment_id: R4_20190417
exposure_time: 10.0
flowrate: 20.311187079867132
oleylamine_bad_flow_detected: 0
oleylamine_flowrate: 13166.0
oleylamine_flowrate_ok: 1
oleylamine_fraction: 0.034116169261425085
oleylamine_setpoint: 12930.0
oleylamine_volume_limit_ok: 1
sample_id: R4_20190417_1555961172
source_wavelength: 0.799898
time: 1555964281.717165
