date_time: '2018-06-26 13:21:14.442274-07:00'
exposure_time: 20.0
flow_reactor_header: {ODE_flowrate: 0.013741422190501108, ODE_setpoint: 0.0, Pd_TOP_flowrate: 100.90938325432474,
  Pd_TOP_setpoint: 100.00005206042711, TOP_flowrate: 0.015434421750877959, TOP_setpoint: 0.0,
  T_read_A: 280.0005, T_read_B: 25.66116, T_set_A: 280.0, T_set_B: null, oleylamine_flowrate: 0.07624439504861182,
  oleylamine_setpoint: 0.0, t_utc: 1530044474.442093, time: '2018-06-26 13:21:14.442274-07:00'}
source_wavelength: 0.799898
time: 1530044474.442093
