date_time: '2018-07-20 21:32:09.306395-07:00'
exposure_time: 20.0
flow_reactor_header: {ODE2_flowrate: 0.11456065303110426, ODE2_setpoint: 0.0, ODE_flowrate: 0.025648715457233847,
  ODE_setpoint: 0.0, Pd_TOP_flowrate: 37.4737844514759, Pd_TOP_setpoint: 35.25457199659743,
  TOP_flowrate: 0.003023204193602895, TOP_setpoint: 0.0, T_read_A: 249.7833, T_read_B: -8.172058,
  T_set_A: 249.717599265058, T_set_B: null, oleylamine_flowrate: 4.373789231389829,
  oleylamine_setpoint: 4.238585168924376, t_utc: 1532147529.306346, time: '2018-07-20
    21:32:09.306395-07:00'}
source_wavelength: 0.799898
time: 1532147529.306346
