date_time: '2018-07-20 22:29:07.758587-07:00'
exposure_time: 20.0
flow_reactor_header: {ODE2_flowrate: 0.08250636132524745, ODE2_setpoint: 0.0, ODE_flowrate: 0.019510053453476773,
  ODE_setpoint: 0.0, Pd_TOP_flowrate: 35.449622758734726, Pd_TOP_setpoint: 35.10417025592784,
  TOP_flowrate: 0.011771691119187466, TOP_setpoint: 0.0, T_read_A: 249.7286, T_read_B: -8.20047,
  T_set_A: 249.66674118703637, T_set_B: null, oleylamine_flowrate: 4.611934588838278,
  oleylamine_setpoint: 4.386164403648853, t_utc: 1532150947.758538, time: '2018-07-20
    22:29:07.758587-07:00'}
source_wavelength: 0.799898
time: 1532150947.758538
