date_time: '2018-07-20 16:18:27.401919-07:00'
exposure_time: 20.0
flow_reactor_header: {ODE2_flowrate: 0.1746654001023447, ODE2_setpoint: 0.0, ODE_flowrate: 0.03206934450331115,
  ODE_setpoint: 0.0, Pd_TOP_flowrate: 35.61365036686181, Pd_TOP_setpoint: 35.65035406073663,
  TOP_flowrate: 0.0010770223939653718, TOP_setpoint: 0.0, T_read_A: 280.0163, T_read_B: -8.195312,
  T_set_A: 280.1148034215386, T_set_B: null, oleylamine_flowrate: 4.266833010312361,
  oleylamine_setpoint: 4.2626115771963935, t_utc: 1532128707.401745, time: '2018-07-20
    16:18:27.401919-07:00'}
source_wavelength: 0.799898
time: 1532128707.401745
