date_time: '2018-07-20 20:35:18.922770-07:00'
exposure_time: 20.0
flow_reactor_header: {ODE2_flowrate: -0.2388020046556772, ODE2_setpoint: 0.0, ODE_flowrate: -0.008359880303627276,
  ODE_setpoint: 0.0, Pd_TOP_flowrate: 36.10641680265964, Pd_TOP_setpoint: 35.8535439679888,
  TOP_flowrate: 0.0010770223939653718, TOP_setpoint: 0.0, T_read_A: 280.3109, T_read_B: -8.1922,
  T_set_A: 280.3606628266627, T_set_B: null, oleylamine_flowrate: 4.181743109958342,
  oleylamine_setpoint: 4.262227870206376, t_utc: 1532144118.922714, time: '2018-07-20
    20:35:18.922770-07:00'}
source_wavelength: 0.799898
time: 1532144118.922714
