date_time: '2018-07-21 18:22:48.563493-07:00'
exposure_time: 20.0
flow_reactor_header: {ODE_flowrate: 0.008359880303627276, ODE_setpoint: 0.0, Pd_TOP_flowrate: 36.17691248569433,
  Pd_TOP_setpoint: 35.67510833026063, TOP_flowrate: 0.0, TOP_setpoint: 0.0, T_read_A: 248.9055,
  T_read_B: -8.207123, T_set_A: 248.8932, T_set_B: null, oleylamine_flowrate: 4.721291706638036,
  oleylamine_setpoint: 4.719711104703433, t_utc: 1532222568.563442, time: '2018-07-21
    18:22:48.563493-07:00'}
source_wavelength: 0.799898
time: 1532222568.563442
