date_time: '2018-07-22 03:41:04.488095-07:00'
exposure_time: 20.0
flow_reactor_header: {ODE_flowrate: -2.8720443313300064, ODE_setpoint: 0.0, Pd_TOP_flowrate: 371.0893532773767,
  Pd_TOP_setpoint: 35.74249516473521, TOP_flowrate: 0.015434421750877959, TOP_setpoint: 0.0,
  T_read_A: 248.267, T_read_B: -8.21991, T_set_A: 248.8932, T_set_B: null, oleylamine_flowrate: 2.8155916785320736,
  oleylamine_setpoint: 4.826212376906565, t_utc: 1532256064.488037, time: '2018-07-22
    03:41:04.488095-07:00'}
source_wavelength: 0.799898
time: 1532256064.488037
