ODE_bad_flow_detected: 0
ODE_extra_bad_flow_detected: 0
ODE_extra_flowrate: 192333.0
ODE_extra_flowrate_ok: 1
ODE_extra_fraction: 0.2967891296902595
ODE_extra_setpoint: 192350.0
ODE_extra_volume_limit_ok: 1
ODE_flowrate: 2166.0
ODE_flowrate_ok: 1
ODE_setpoint: 0.0
ODE_volume_limit_ok: 1
Pd_TOP_bad_flow_detected: 0
Pd_TOP_flowrate: 617667.0
Pd_TOP_flowrate_ok: 1
Pd_TOP_setpoint: 617309.0
Pd_TOP_volume_limit_ok: 1
TOP_bad_flow_detected: 0
TOP_flowrate: 1333.0
TOP_flowrate_ok: 1
TOP_fraction: 0.0002603079787512735
TOP_setpoint: 1591.0
TOP_volume_limit_ok: 1
T_read_A: 275.2175
T_set: 275.20812087107805
experiment_id: R7_20190417
exposure_time: 10.0
flowrate: 118.05477703187272
oleylamine_bad_flow_detected: 0
oleylamine_flowrate: 7833.0
oleylamine_flowrate_ok: 1
oleylamine_fraction: 0.0017342229512438533
oleylamine_setpoint: 5561.0
oleylamine_volume_limit_ok: 1
reaction_id: R7_20190417_1
sample_id: R7_20190417_1_1556128788
source_wavelength: 0.799898
time: 1556128788.647613
