ODE_bad_flow_detected: 0
ODE_extra_bad_flow_detected: 0
ODE_extra_flowrate: 79166.0
ODE_extra_flowrate_ok: 1
ODE_extra_fraction: 0.28415005320556225
ODE_extra_setpoint: 79439.0
ODE_extra_volume_limit_ok: 1
ODE_flowrate: 0.0
ODE_flowrate_ok: 1
ODE_setpoint: 0.0
ODE_volume_limit_ok: 1
Pd_TOP_bad_flow_detected: 0
Pd_TOP_flowrate: 191333.0
Pd_TOP_flowrate_ok: 1
Pd_TOP_setpoint: 191526.0
Pd_TOP_volume_limit_ok: 1
TOP_bad_flow_detected: 0
TOP_flowrate: 833.0
TOP_flowrate_ok: 1
TOP_fraction: 0.00043859453527619153
TOP_setpoint: 979.0
TOP_volume_limit_ok: 1
T_read_A: 237.8426
T_set: 237.84479768359606
experiment_id: R7_20190417
exposure_time: 10.0
flowrate: 34.083961901597974
oleylamine_bad_flow_detected: 0
oleylamine_flowrate: 47833.0
oleylamine_flowrate_ok: 1
oleylamine_fraction: 0.13473216802747853
oleylamine_setpoint: 47867.0
oleylamine_volume_limit_ok: 1
reaction_id: R7_20190417_4
sample_id: R7_20190417_4_1556140783
source_wavelength: 0.799898
time: 1556140783.322516
