ODE_bad_flow_detected: 0
ODE_extra_bad_flow_detected: 0
ODE_extra_flowrate: 117666.0
ODE_extra_flowrate_ok: 1
ODE_extra_fraction: 0.27766436723533316
ODE_extra_setpoint: 115763.0
ODE_extra_volume_limit_ok: 1
ODE_flowrate: -2166.0
ODE_flowrate_ok: 1
ODE_setpoint: 0.0
ODE_volume_limit_ok: 1
Pd_TOP_bad_flow_detected: 0
Pd_TOP_flowrate: 268333.0
Pd_TOP_flowrate_ok: 1
Pd_TOP_setpoint: 268706.0
Pd_TOP_volume_limit_ok: 1
TOP_bad_flow_detected: 0
TOP_flowrate: 2000.0
TOP_flowrate_ok: 1
TOP_fraction: 0.00044297292222616883
TOP_setpoint: 1448.0
TOP_volume_limit_ok: 1
T_read_A: 224.0919
T_set: 224.08770962070508
experiment_id: R7_20190417
exposure_time: 10.0
flowrate: 60.30644496069022
oleylamine_bad_flow_detected: 0
oleylamine_flowrate: 100833.0
oleylamine_flowrate_ok: 1
oleylamine_fraction: 0.22539792955109775
oleylamine_setpoint: 101443.0
oleylamine_volume_limit_ok: 1
reaction_id: R7_20190417_3
sample_id: R7_20190417_3_1556135477
source_wavelength: 0.799898
time: 1556135477.920356
