ODE_bad_flow_detected: 0
ODE_extra_bad_flow_detected: 0
ODE_extra_flowrate: 195667.0
ODE_extra_flowrate_ok: 1
ODE_extra_fraction: 0.2996754456246275
ODE_extra_setpoint: 195652.0
ODE_extra_volume_limit_ok: 1
ODE_flowrate: 2166.0
ODE_flowrate_ok: 1
ODE_setpoint: 0.0
ODE_volume_limit_ok: 1
Pd_TOP_bad_flow_detected: 0
Pd_TOP_flowrate: 624667.0
Pd_TOP_flowrate_ok: 1
Pd_TOP_setpoint: 622256.0
Pd_TOP_volume_limit_ok: 1
TOP_bad_flow_detected: 0
TOP_flowrate: 6166.0
TOP_flowrate_ok: 1
TOP_fraction: 0.0017686043213923758
TOP_setpoint: 5854.0
TOP_volume_limit_ok: 1
T_read_A: 272.3719
T_set: 272.3183162037874
experiment_id: R7_20190417
exposure_time: 10.0
flowrate: 119.84736029781955
oleylamine_bad_flow_detected: 0
oleylamine_flowrate: 4166.0
oleylamine_flowrate_ok: 1
oleylamine_fraction: 0.0010538825167130943
oleylamine_setpoint: 3980.0
oleylamine_volume_limit_ok: 1
reaction_id: R7_20190417_0
sample_id: R7_20190417_0_1556126989
source_wavelength: 0.799898
time: 1556126989.362204
