features: {I_fluctuation: 14.644035563170506, Ilowq_over_Imean: 1.48044859640152,
  Imax_over_Imean: 3.0174062151028154, Imax_sharpness: 1.559475384623162, best_hump_qwidth: 0.00034839337342686095,
  best_hump_qwidth_log: 0.000735943106150314, best_trough_qwidth: 0.010808356673841661,
  best_trough_qwidth_log: 0.0033110002633667053, logI_fluctuation: 12.514461564514441,
  logI_max_over_std: -0.3557110453430238, pearson_expq: -0.14603975369458833, pearson_invexpq: 0.1743600205987976,
  pearson_q: -0.15852440624540737, pearson_q2: -0.11048483595250473, q_Icentroid: 0.3066797435365645,
  q_best_hump: 0.036168096573973685, q_best_hump_log: 0.03565389776367389, q_best_trough: 0.1742254117771017,
  q_best_trough_log: 0.16658081976581615, q_logIcentroid: 0.3165056585138237, r_fftIcentroid: 0.13462406679595842}
fit_report:
  converged: 1
  error_weighted: 1
  final_objective: 0.09885363032585032
  fit_snr: 3.208347689130724
  good_fit: 0
  initial_objective: 33.0561946868901
  logI_weighted: 1
  q_range: [0.0, .inf]
noise:
  model: flat
  parameters:
    I0:
      bounds: [0.0, .inf]
      constraint_expr: null
      fixed: 0
      value: 0.3113470054391434
sample_metadata: {data_file: RxnA_20190329_11_dz_bgsub.dat, experiment_id: RxnA_20190329,
  notes: '', sample_id: RxnA_20190329_1553964522, source_wavelength: 0.799898, time: 1553964522.682266}
