ODE_extra_flowrate: 3.6147078689120784
ODE_extra_fraction: 0.13067513199766662
ODE_extra_setpoint: 3.3030619837396307
ODE_flowrate: -0.2388020046556772
ODE_setpoint: 0.0
Pd_TOP_flowrate: 17.456397614853174
Pd_TOP_setpoint: 17.045075839268684
TOP_flowrate: 0.21987471678858217
TOP_fraction: 0.004187550823966675
TOP_setpoint: 0.10583009928880234
T_read_A: 259.4295
T_set: 259.444214060666
experiment_id: RxnE_201902
exposure_time: 10.0
flowrate: 25.276840396479077
flowreactor_design_categorical_constraints: {crystalline_flag: 0, dilute_sphere_flag: 1,
  disordered_flag: 0}
flowreactor_design_constraints: {r0_sphere: 14.159733555369304}
flowreactor_design_domain:
  ODE_extra_fraction: [0.0, 0.3]
  TOP_fraction: [0.0, 0.3]
  T_set: [220.0, 310.0]
  flowrate: [20.0, 100.0]
  oleylamine_fraction: [0.0, 0.3]
flowreactor_design_mode: MPI_exploitation
flowreactor_design_range_constraints:
  I0_fraction_sphere: [0.9, 1.0]
  I0_sphere: [10.0, 1000000.0]
  sigma_sphere: [0.0, 0.1]
oleylamine_flowrate: 4.680163635345696
oleylamine_fraction: 0.1908009102137422
oleylamine_setpoint: 4.8229006913139205
sample_id: RxnE_201902_1549776936
source_wavelength: 0.799898
time: 1549779468.933264
