ODE_extra_flowrate: 19.969063008204852
ODE_extra_fraction: 0.19068439501916212
ODE_extra_setpoint: 18.891740566671782
ODE_flowrate: 0.267358428963662
ODE_setpoint: 0.0
Pd_TOP_flowrate: 56.7539214478235
Pd_TOP_setpoint: 59.841432353845114
TOP_flowrate: 7.809191422815818
TOP_fraction: 0.07551221403224007
TOP_setpoint: 7.48132763726621
T_read_A: 282.7979
T_set: 282.83642059537345
experiment_id: RxnE_201902
exposure_time: 10.0
flowrate: 99.07341096409888
flowreactor_design_categorical_constraints: {crystalline_flag: 0, dilute_sphere_flag: 1,
  disordered_flag: 0}
flowreactor_design_constraints: {r0_sphere: 35.29048875075299}
flowreactor_design_domain:
  ODE_extra_fraction: [0.0, 0.3]
  TOP_fraction: [0.0, 0.3]
  T_set: [220.0, 310.0]
  flowrate: [20.0, 100.0]
  oleylamine_fraction: [0.0, 0.3]
flowreactor_design_mode: MPI_exploration
flowreactor_design_range_constraints:
  I0_fraction_sphere: [0.9, 1.0]
  I0_sphere: [10.0, 1000000.0]
  sigma_sphere: [0.0, 0.1]
oleylamine_flowrate: 12.363298188518955
oleylamine_fraction: 0.12979266705920758
oleylamine_setpoint: 12.858954710063381
sample_id: RxnE_201902_1549816619
source_wavelength: 0.799898
time: 1549817383.582768
