ODE_extra_flowrate: 24.99962689941983
ODE_extra_fraction: 0.26399377204055924
ODE_extra_setpoint: 25.582615704410347
ODE_flowrate: -0.08250636132524745
ODE_setpoint: 0.0
Pd_TOP_flowrate: 45.029868764121524
Pd_TOP_setpoint: 45.540061287862876
TOP_flowrate: 0.7858259927986573
TOP_fraction: 0.00692000807932343
TOP_setpoint: 0.6705873721769439
T_read_A: 289.2917
T_set: 289.29685539927436
experiment_id: RxnE_201902
exposure_time: 10.0
flowrate: 96.90604604675573
flowreactor_design_categorical_constraints: {crystalline_flag: 0, dilute_sphere_flag: 1,
  disordered_flag: 0}
flowreactor_design_constraints: {r0_sphere: 36.209233938927206}
flowreactor_design_domain:
  ODE_extra_fraction: [0.0, 0.3]
  TOP_fraction: [0.0, 0.3]
  T_set: [220.0, 310.0]
  flowrate: [20.0, 100.0]
  oleylamine_fraction: [0.0, 0.3]
flowreactor_design_mode: MPI_exploitation
flowreactor_design_range_constraints:
  I0_fraction_sphere: [0.9, 1.0]
  I0_sphere: [10.0, 1000000.0]
  sigma_sphere: [0.0, 0.1]
oleylamine_flowrate: 24.72984789008384
oleylamine_fraction: 0.25914659556049574
oleylamine_setpoint: 25.11297463114476
sample_id: RxnE_201902_1549888740
source_wavelength: 0.799898
time: 1549889518.33769
