ODE_extra_flowrate: 5.426233057198935
ODE_extra_fraction: 0.2538606104461825
ODE_extra_setpoint: 5.164913521400062
ODE_flowrate: 0.08250636132524745
ODE_setpoint: 0.0
Pd_TOP_flowrate: 14.04401879773647
Pd_TOP_setpoint: 13.51116749817898
TOP_flowrate: 1.6467961018067008
TOP_fraction: 0.07616595083198009
TOP_setpoint: 1.5496037791309647
T_read_A: 277.686
T_set: 277.7162648026295
experiment_id: RxnE_201902
exposure_time: 10.0
flowrate: 20.34540548180498
flowreactor_design_categorical_constraints: {crystalline_flag: 0, dilute_sphere_flag: 1,
  disordered_flag: 0}
flowreactor_design_constraints: {r0_sphere: 20.766528054636368}
flowreactor_design_domain:
  ODE_extra_fraction: [0.0, 0.3]
  TOP_fraction: [0.0, 0.3]
  T_set: [220.0, 310.0]
  flowrate: [20.0, 100.0]
  oleylamine_fraction: [0.0, 0.3]
flowreactor_design_mode: MPI_exploration
flowreactor_design_range_constraints:
  I0_fraction_sphere: [0.9, 1.0]
  I0_sphere: [10.0, 1000000.0]
  sigma_sphere: [0.0, 0.1]
oleylamine_flowrate: 0.1348982752697186
oleylamine_fraction: 0.005886741360468208
oleylamine_setpoint: 0.11978023551777757
sample_id: RxnE_201902_1549857605
source_wavelength: 0.799898
time: 1549860713.770578
