features: {I_fluctuation: 0.2802553740009189, Ilowq_over_Imean: 0.37330009329464225,
  Imax_over_Imean: 5.919448988488011, Imax_sharpness: 8.2584109736243, best_hump_qwidth: 0.3934694066365091,
  best_hump_qwidth_log: 0.23217174847123448, best_trough_qwidth: 0.3086766916566571,
  best_trough_qwidth_log: 0.16702437436220724, logI_fluctuation: 0.2857511648579538,
  logI_max_over_std: 14.465910884948586, pearson_expq: -0.0203220005140343, pearson_invexpq: -0.39086950886273103,
  pearson_q: 0.1379439955894454, pearson_q2: 0.0575899705758998, q_Icentroid: 3.3506176427331904,
  q_best_hump: 0.4156132059890112, q_best_hump_log: -0.41575113386186, q_best_trough: 0.46406977892609147,
  q_best_trough_log: -0.11785079363520934, q_logIcentroid: 3.3116228520664177, r_fftIcentroid: 0.10767778179110375}
fit_report:
  error_weighted: 1
  good_fit: 0
  logI_weighted: 1
  q_range: [0.0, .inf]
noise:
  model: flat
  parameters:
    I0:
      bounds: [0.0, null]
      constraint_expr: null
      fixed: 0
      value: 0.001
sample_metadata: {data_file: FACs15_2deg_heat_0026_tif_A270.dat, experiment_id: FACs_15,
  notes: '', sample_id: FACs_15_23, source_wavelength: 0.9744, time: 0.0}
