features: {I_fluctuation: 0.5251907149029239, Ilowq_over_Imean: 0.35744949860644504,
  Imax_over_Imean: 4.456488558897053, Imax_sharpness: 5.969831291639802, best_hump_qwidth: 0.6054679193065755,
  best_hump_qwidth_log: 3.19977585639158, best_trough_qwidth: 0.3174908944797478,
  best_trough_qwidth_log: 0.18507704074558423, logI_fluctuation: 0.37796840276922333,
  logI_max_over_std: 13.699358669944848, pearson_expq: -0.014126599698601828, pearson_invexpq: -0.4318155440603622,
  pearson_q: 0.1585469904389548, pearson_q2: 0.07142954578712803, q_Icentroid: 3.3621147902085884,
  q_best_hump: 0.33104240277405683, q_best_hump_log: -12.040511390664236, q_best_trough: 0.48684478405864073,
  q_best_trough_log: -0.07448225527336261, q_logIcentroid: 3.314039609811392, r_fftIcentroid: 0.08836544158996273}
fit_report:
  error_weighted: 1
  good_fit: 0
  logI_weighted: 1
  q_range: [0.0, .inf]
noise:
  model: flat
  parameters:
    I0:
      bounds: [0.0, null]
      constraint_expr: null
      fixed: 0
      value: 0.001
sample_metadata: {data_file: FACs_15_cooling_03111724_0017_tif_A270.dat, experiment_id: FACs_15,
  notes: '', sample_id: FACs_15_81, source_wavelength: 0.9744, time: 0.0}
