features: {I_fluctuation: 0.3358320979960941, Ilowq_over_Imean: 0.3714126806718298,
  Imax_over_Imean: 5.914927737152678, Imax_sharpness: 8.498677901446525, best_hump_qwidth: 0.4107597829257277,
  best_hump_qwidth_log: 0.2934830524659714, best_trough_qwidth: 0.30665180166946343,
  best_trough_qwidth_log: 0.17558348874789176, logI_fluctuation: 0.2504829010966358,
  logI_max_over_std: 14.388495412296683, pearson_expq: -0.019427642428624246, pearson_invexpq: -0.39168449009654516,
  pearson_q: 0.13907382965017642, pearson_q2: 0.05866793155112826, q_Icentroid: 3.351623392935515,
  q_best_hump: 0.4062014405109471, q_best_hump_log: -0.7005733190126961, q_best_trough: 0.46678329517691175,
  q_best_trough_log: -0.15675472849266692, q_logIcentroid: 3.3121518223480684, r_fftIcentroid: 0.09830510508383561}
fit_report:
  error_weighted: 1
  good_fit: 0
  logI_weighted: 1
  q_range: [0.0, .inf]
noise:
  model: flat
  parameters:
    I0:
      bounds: [0.0, null]
      constraint_expr: null
      fixed: 0
      value: 0.001
sample_metadata: {data_file: FACs15_2deg_heat_0009_tif_A270.dat, experiment_id: FACs_15,
  notes: '', sample_id: FACs_15_87, source_wavelength: 0.9744, time: 0.0}
