features: {I_fluctuation: 0.40160893180112306, Ilowq_over_Imean: 0.3461548700006231,
  Imax_over_Imean: 4.273535144582932, Imax_sharpness: 6.05657004467008, best_hump_qwidth: 0.6419457426790013,
  best_hump_qwidth_log: 0.9849982879162168, best_trough_qwidth: 0.26375320406510894,
  best_trough_qwidth_log: 0.308583639098773, logI_fluctuation: 0.39156529396674117,
  logI_max_over_std: 13.597170242547696, pearson_expq: -0.011442960670261583, pearson_invexpq: -0.4300677424731523,
  pearson_q: 0.1594112436341285, pearson_q2: 0.07307904382691256, q_Icentroid: 3.364105699339834,
  q_best_hump: 0.3024345880133099, q_best_hump_log: 4.692591987593667, q_best_trough: 0.4896108862266537,
  q_best_trough_log: -0.7599693482346077, q_logIcentroid: 3.3147597844264514, r_fftIcentroid: 0.08174653130190132}
fit_report:
  error_weighted: 1
  good_fit: 0
  logI_weighted: 1
  q_range: [0.0, .inf]
noise:
  model: flat
  parameters:
    I0:
      bounds: [0.0, null]
      constraint_expr: null
      fixed: 0
      value: 0.001
sample_metadata: {data_file: FACs15_2deg_heat_0055_tif_A270.dat, experiment_id: FACs_15,
  notes: '', sample_id: FACs_15_95, source_wavelength: 0.9744, time: 0.0}
