features: {I_fluctuation: 1.083846679062332, Ilowq_over_Imean: 0.35158495131623213,
  Imax_over_Imean: 3.44788518814605, Imax_sharpness: 5.510534287498229, best_hump_qwidth: 0.45981410975894205,
  best_hump_qwidth_log: 0.5414819479090345, best_trough_qwidth: 0.42895752675994586,
  best_trough_qwidth_log: 0.704429771911657, logI_fluctuation: 0.6242887443698255,
  logI_max_over_std: 13.518882801433286, pearson_expq: -0.015472911071219161, pearson_invexpq: -0.45447236786986045,
  pearson_q: 0.16605551039661234, pearson_q2: 0.07419494477815976, q_Icentroid: 3.360612172733383,
  q_best_hump: 0.3711476466866328, q_best_hump_log: -1.6974201455644846, q_best_trough: 0.39028579341904424,
  q_best_trough_log: -2.3860177835370346, q_logIcentroid: 3.312048189766968, r_fftIcentroid: 0.08724841901779867}
fit_report:
  error_weighted: 1
  good_fit: 0
  logI_weighted: 1
  q_range: [0.0, .inf]
noise:
  model: flat
  parameters:
    I0:
      bounds: [0.0, null]
      constraint_expr: null
      fixed: 0
      value: 0.001
sample_metadata: {data_file: FACs15_2deg_heat_0047_tif_A270.dat, experiment_id: FACs_15,
  notes: '', sample_id: FACs_15_80, source_wavelength: 0.9744, time: 0.0}
