features: {I_fluctuation: 0.804101786099986, Ilowq_over_Imean: 0.3574979362124769,
  Imax_over_Imean: 4.799136349487273, Imax_sharpness: 6.470836056555246, best_hump_qwidth: 0.6992374854450502,
  best_hump_qwidth_log: 0.5635252297453001, best_trough_qwidth: 0.048757456461274475,
  best_trough_qwidth_log: 0.02656224786012303, logI_fluctuation: 0.5683162769017228,
  logI_max_over_std: 13.857385883292048, pearson_expq: -0.011957376356014314, pearson_invexpq: -0.42207911555098515,
  pearson_q: 0.15544891721054027, pearson_q2: 0.07080412775962089, q_Icentroid: 3.3616391547932216,
  q_best_hump: 0.27612826404785196, q_best_hump_log: 2.93595702833592, q_best_trough: 0.686087336311719,
  q_best_trough_log: 0.6072664822856764, q_logIcentroid: 3.3141349232080257, r_fftIcentroid: 0.08580767904387178}
fit_report:
  error_weighted: 1
  good_fit: 0
  logI_weighted: 1
  q_range: [0.0, .inf]
noise:
  model: flat
  parameters:
    I0:
      bounds: [0.0, null]
      constraint_expr: null
      fixed: 0
      value: 0.001
sample_metadata: {data_file: FACs15_2deg_heat_0086_tif_A270.dat, experiment_id: FACs_15,
  notes: '', sample_id: FACs_15_91, source_wavelength: 0.9744, time: 0.0}
