features: {I_fluctuation: 0.5623168200079254, Ilowq_over_Imean: 0.35045953024432114,
  Imax_over_Imean: 4.69309497534554, Imax_sharpness: 6.4793780622233115, best_hump_qwidth: 0.666786538789294,
  best_hump_qwidth_log: 0.6160621684360358, best_trough_qwidth: 0.15123093883181685,
  best_trough_qwidth_log: 0.08337543851742628, logI_fluctuation: 0.3956436627264728,
  logI_max_over_std: 13.718564034758877, pearson_expq: -0.011905262260575028, pearson_invexpq: -0.42224095173976184,
  pearson_q: 0.1558334331647625, pearson_q2: 0.0710394283005485, q_Icentroid: 3.363022506675225,
  q_best_hump: 0.29464740473619466, q_best_hump_log: 3.1452703866628946, q_best_trough: 0.6119809428385619,
  q_best_trough_log: 0.36412561423639245, q_logIcentroid: 3.3149546104670224, r_fftIcentroid: 0.08221405971606553}
fit_report:
  error_weighted: 1
  good_fit: 0
  logI_weighted: 1
  q_range: [0.0, .inf]
noise:
  model: flat
  parameters:
    I0:
      bounds: [0.0, null]
      constraint_expr: null
      fixed: 0
      value: 0.001
sample_metadata: {data_file: FACs15_2deg_heat_0069_tif_A270.dat, experiment_id: FACs_15,
  notes: '', sample_id: FACs_15_75, source_wavelength: 0.9744, time: 0.0}
