features: {I_fluctuation: 0.7130297031167961, Ilowq_over_Imean: 0.3690646935621898,
  Imax_over_Imean: 5.085353777279505, Imax_sharpness: 8.899277045621334, best_hump_qwidth: 0.38506560739714646,
  best_hump_qwidth_log: 0.28791134774323296, best_trough_qwidth: 0.332089837686349,
  best_trough_qwidth_log: 0.2570171979708549, logI_fluctuation: 0.44869360396758917,
  logI_max_over_std: 14.324908155623087, pearson_expq: -0.020894506875809, pearson_invexpq: -0.4300531736346107,
  pearson_q: 0.15264179304741926, pearson_q2: 0.06459136788608333, q_Icentroid: 3.3528967987748697,
  q_best_hump: 0.40490509620179527, q_best_hump_log: -0.6602061893226283, q_best_trough: 0.43789343022709293,
  q_best_trough_log: -0.5161846869785198, q_logIcentroid: 3.310542161267172, r_fftIcentroid: 0.11532870807786907}
fit_report:
  error_weighted: 1
  good_fit: 0
  logI_weighted: 1
  q_range: [0.0, .inf]
noise:
  model: flat
  parameters:
    I0:
      bounds: [0.0, null]
      constraint_expr: null
      fixed: 0
      value: 0.001
sample_metadata: {data_file: FACs15_2deg_heat_0041_tif_A270.dat, experiment_id: FACs_15,
  notes: '', sample_id: FACs_15_44, source_wavelength: 0.9744, time: 0.0}
