features: {I_fluctuation: 0.8918419591400706, Ilowq_over_Imean: 0.36416518151076205,
  Imax_over_Imean: 4.191897582995324, Imax_sharpness: 8.525556937919841, best_hump_qwidth: 0.3812925236764361,
  best_hump_qwidth_log: 0.2589140120148376, best_trough_qwidth: 0.3341970423542008,
  best_trough_qwidth_log: 0.23174559347312323, logI_fluctuation: 0.4899955270410264,
  logI_max_over_std: 13.979503574828094, pearson_expq: -0.01959554124237804, pearson_invexpq: -0.4458680656691201,
  pearson_q: 0.15971384595043323, pearson_q2: 0.06880613153088246, q_Icentroid: 3.3551722050323707,
  q_best_hump: 0.40893317386841765, q_best_hump_log: -0.49667918141793077, q_best_trough: 0.4377634883466963,
  q_best_trough_log: -0.37477640195016804, q_logIcentroid: 3.3106921892583365, r_fftIcentroid: 0.11050718292058849}
fit_report:
  error_weighted: 1
  good_fit: 0
  logI_weighted: 1
  q_range: [0.0, .inf]
noise:
  model: flat
  parameters:
    I0:
      bounds: [0.0, null]
      constraint_expr: null
      fixed: 0
      value: 0.001
sample_metadata: {data_file: FACs15_2deg_heat_0043_tif_A270.dat, experiment_id: FACs_15,
  notes: '', sample_id: FACs_15_42, source_wavelength: 0.9744, time: 0.0}
