features: {I_fluctuation: 0.6142968650466013, Ilowq_over_Imean: 0.37167008886988345,
  Imax_over_Imean: 5.6823106749466055, Imax_sharpness: 9.080525063610793, best_hump_qwidth: 0.3546875065327041,
  best_hump_qwidth_log: 0.1638498116435134, best_trough_qwidth: 0.3109325831750077,
  best_trough_qwidth_log: 0.1793882741498986, logI_fluctuation: 0.4095257889418636,
  logI_max_over_std: 14.49829702484297, pearson_expq: -0.020870740497755613, pearson_invexpq: -0.41589620431366997,
  pearson_q: 0.1471321562432037, pearson_q2: 0.06184550562356992, q_Icentroid: 3.351769616291122,
  q_best_hump: 0.4283725440045374, q_best_hump_log: -0.09916657147325791, q_best_trough: 0.45567034524075245,
  q_best_trough_log: -0.1632444069825505, q_logIcentroid: 3.310725189119679, r_fftIcentroid: 0.11684726566521784}
fit_report:
  error_weighted: 1
  good_fit: 0
  logI_weighted: 1
  q_range: [0.0, .inf]
noise:
  model: flat
  parameters:
    I0:
      bounds: [0.0, null]
      constraint_expr: null
      fixed: 0
      value: 0.001
sample_metadata: {data_file: FACs15_2deg_heat_0039_tif_A270.dat, experiment_id: FACs_15,
  notes: '', sample_id: FACs_15_22, source_wavelength: 0.9744, time: 0.0}
