features: {I_fluctuation: 0.786784087315172, Ilowq_over_Imean: 0.36663554014667304,
  Imax_over_Imean: 4.706855349701638, Imax_sharpness: 8.78899193742437, best_hump_qwidth: 0.3533414358588484,
  best_hump_qwidth_log: 0.17450899951419924, best_trough_qwidth: 0.31445121725872766,
  best_trough_qwidth_log: 0.19361370962473068, logI_fluctuation: 0.4817344676223282,
  logI_max_over_std: 14.170735625338562, pearson_expq: -0.019981655520958905, pearson_invexpq: -0.4378856553761882,
  pearson_q: 0.15633803953976597, pearson_q2: 0.06691368355517698, q_Icentroid: 3.3541517924256254,
  q_best_hump: 0.42543741697753434, q_best_hump_log: -0.1372873982556495, q_best_trough: 0.45026027724574114,
  q_best_trough_log: -0.21630359724706905, q_logIcentroid: 3.3107031798590483, r_fftIcentroid: 0.11381250361643494}
fit_report:
  error_weighted: 1
  good_fit: 0
  logI_weighted: 1
  q_range: [0.0, .inf]
noise:
  model: flat
  parameters:
    I0:
      bounds: [0.0, null]
      constraint_expr: null
      fixed: 0
      value: 0.001
sample_metadata: {data_file: FACs15_2deg_heat_0042_tif_A270.dat, experiment_id: FACs_15,
  notes: '', sample_id: FACs_15_108, source_wavelength: 0.9744, time: 0.0}
