features: {I_fluctuation: 0.733804880367462, Ilowq_over_Imean: 0.35913754143219373,
  Imax_over_Imean: 4.7263772521503755, Imax_sharpness: 6.346735744956401, best_hump_qwidth: 0.6044214913809612,
  best_hump_qwidth_log: 6.245864022885415, best_trough_qwidth: 0.03652734523556769,
  best_trough_qwidth_log: 0.021695700772898754, logI_fluctuation: 0.4324124461634632,
  logI_max_over_std: 13.879074410414745, pearson_expq: -0.01258077724867397, pearson_invexpq: -0.42507937265292867,
  pearson_q: 0.15625643491971256, pearson_q2: 0.07093024169155104, q_Icentroid: 3.3611256548149533,
  q_best_hump: 0.32491300832782377, q_best_hump_log: 25.789019536787144, q_best_trough: 0.6949064009920347,
  q_best_trough_log: 0.6284590098486484, q_logIcentroid: 3.313733321451335, r_fftIcentroid: 0.08630113580879284}
fit_report:
  error_weighted: 1
  good_fit: 0
  logI_weighted: 1
  q_range: [0.0, .inf]
noise:
  model: flat
  parameters:
    I0:
      bounds: [0.0, null]
      constraint_expr: null
      fixed: 0
      value: 0.001
sample_metadata: {data_file: FACs15_2deg_heat_0089_tif_A270.dat, experiment_id: FACs_15,
  notes: '', sample_id: FACs_15_12, source_wavelength: 0.9744, time: 0.0}
