features: {I_fluctuation: 0.7153067385148865, Ilowq_over_Imean: 0.35440432452694187,
  Imax_over_Imean: 4.810518052122349, Imax_sharpness: 6.548715879335106, best_hump_qwidth: 0.5494640213051933,
  best_hump_qwidth_log: 0.6292312562216494, best_trough_qwidth: 0.07640203611618356,
  best_trough_qwidth_log: 0.03811085028403883, logI_fluctuation: 0.49221097859282686,
  logI_max_over_std: 13.816438943324227, pearson_expq: -0.011642109453421779, pearson_invexpq: -0.42114136884580666,
  pearson_q: 0.15542302846902806, pearson_q2: 0.0709674911646332, q_Icentroid: 3.3623924789601323,
  q_best_hump: 0.3584727907563039, q_best_hump_log: -1.889872787681409, q_best_trough: 0.66612566205941,
  q_best_trough_log: 0.5575927443325908, q_logIcentroid: 3.3145545188896692, r_fftIcentroid: 0.08427522548195472}
fit_report:
  error_weighted: 1
  good_fit: 0
  logI_weighted: 1
  q_range: [0.0, .inf]
noise:
  model: flat
  parameters:
    I0:
      bounds: [0.0, null]
      constraint_expr: null
      fixed: 0
      value: 0.001
sample_metadata: {data_file: FACs15_2deg_heat_0081_tif_A270.dat, experiment_id: FACs_15,
  notes: '', sample_id: FACs_15_111, source_wavelength: 0.9744, time: 0.0}
