features: {I_fluctuation: 0.48170115685866133, Ilowq_over_Imean: 0.37218864664213436,
  Imax_over_Imean: 5.917711674353461, Imax_sharpness: 8.503180823987984, best_hump_qwidth: 0.35388845197250374,
  best_hump_qwidth_log: 0.14082568719233143, best_trough_qwidth: 0.2847449904051383,
  best_trough_qwidth_log: 0.12827934862596896, logI_fluctuation: 0.3254481255004202,
  logI_max_over_std: 14.422493080580029, pearson_expq: -0.019807279145688514, pearson_invexpq: -0.39094164711077367,
  pearson_q: 0.1384582299344476, pearson_q2: 0.05815034605260172, q_Icentroid: 3.351174944977664,
  q_best_hump: 0.44128848725670045, q_best_hump_log: 0.008742356275004859, q_best_trough: 0.4808040774770075,
  q_best_trough_log: 0.06793578446088633, q_logIcentroid: 3.311943999381039, r_fftIcentroid: 0.09808963043163042}
fit_report:
  error_weighted: 1
  good_fit: 0
  logI_weighted: 1
  q_range: [0.0, .inf]
noise:
  model: flat
  parameters:
    I0:
      bounds: [0.0, null]
      constraint_expr: null
      fixed: 0
      value: 0.001
sample_metadata: {data_file: FACs15_2deg_heat_0014_tif_A270.dat, experiment_id: FACs_15,
  notes: '', sample_id: FACs_15_67, source_wavelength: 0.9744, time: 0.0}
