features: {I_fluctuation: 0.2891237165619188, Ilowq_over_Imean: 0.35645297978023416,
  Imax_over_Imean: 4.106034177619418, Imax_sharpness: 5.5212239896881705, best_hump_qwidth: 0.6468422147670928,
  best_hump_qwidth_log: 8.401971091084748, best_trough_qwidth: 0.3213059468103713,
  best_trough_qwidth_log: 0.19220716263938134, logI_fluctuation: 0.2818062888779694,
  logI_max_over_std: 13.560979868298837, pearson_expq: -0.01511106321233871, pearson_invexpq: -0.4344949636748417,
  pearson_q: 0.1589559365168123, pearson_q2: 0.07112137145821261, q_Icentroid: 3.3618037593478785,
  q_best_hump: 0.30925941724130324, q_best_hump_log: 33.81951430879849, q_best_trough: 0.4836591257305436,
  q_best_trough_log: -0.102504800018695, q_logIcentroid: 3.3139795250969333, r_fftIcentroid: 0.08435596670105959}
fit_report:
  error_weighted: 1
  good_fit: 0
  logI_weighted: 1
  q_range: [0.0, .inf]
noise:
  model: flat
  parameters:
    I0:
      bounds: [0.0, null]
      constraint_expr: null
      fixed: 0
      value: 0.001
sample_metadata: {data_file: FACs_15_cooling_03111724_0026_tif_A270.dat, experiment_id: FACs_15,
  notes: '', sample_id: FACs_15_11, source_wavelength: 0.9744, time: 0.0}
