features: {I_fluctuation: 0.5609091967709717, Ilowq_over_Imean: 0.3586283250810289,
  Imax_over_Imean: 4.869417113712596, Imax_sharpness: 6.503979407394789, best_hump_qwidth: 0.5897119057163503,
  best_hump_qwidth_log: 1.2244690221871894, best_trough_qwidth: 0.3173209456584445,
  best_trough_qwidth_log: 0.18099347222857431, logI_fluctuation: 0.41354699375004417,
  logI_max_over_std: 13.861098149632742, pearson_expq: -0.013629809120902777, pearson_invexpq: -0.4282807599895878,
  pearson_q: 0.157378678136007, pearson_q2: 0.07107587290645702, q_Icentroid: 3.3619586828555748,
  q_best_hump: 0.33970194674890886, q_best_hump_log: -4.2155556161376495, q_best_trough: 0.48809225841017545,
  q_best_trough_log: -0.056109748907137824, q_logIcentroid: 3.3139989265256893, r_fftIcentroid: 0.09517674092570515}
fit_report:
  error_weighted: 1
  good_fit: 0
  logI_weighted: 1
  q_range: [0.0, .inf]
noise:
  model: flat
  parameters:
    I0:
      bounds: [0.0, null]
      constraint_expr: null
      fixed: 0
      value: 0.001
sample_metadata: {data_file: FACs_15_cooling_03111724_0010_tif_A270.dat, experiment_id: FACs_15,
  notes: '', sample_id: FACs_15_90, source_wavelength: 0.9744, time: 0.0}
