features: {I_fluctuation: 0.753919116487914, Ilowq_over_Imean: 0.3551122009333144,
  Imax_over_Imean: 4.798476446197813, Imax_sharpness: 6.5187761195826255, best_hump_qwidth: 0.5316956826144948,
  best_hump_qwidth_log: 0.697807807856063, best_trough_qwidth: 0.07119583829882074,
  best_trough_qwidth_log: 0.0361857577742525, logI_fluctuation: 0.5177673485942687,
  logI_max_over_std: 13.823528431448871, pearson_expq: -0.01246682243981049, pearson_invexpq: -0.4209890261729138,
  pearson_q: 0.15478239143273362, pearson_q2: 0.07022368373933437, q_Icentroid: 3.361827869127387,
  q_best_hump: 0.3612342175725245, q_best_hump_log: -2.2278344418657023, q_best_trough: 0.6696774229942157,
  q_best_trough_log: 0.5653268576804114, q_logIcentroid: 3.3143945648297395, r_fftIcentroid: 0.08439965323071219}
fit_report:
  error_weighted: 1
  good_fit: 0
  logI_weighted: 1
  q_range: [0.0, .inf]
noise:
  model: flat
  parameters:
    I0:
      bounds: [0.0, null]
      constraint_expr: null
      fixed: 0
      value: 0.001
sample_metadata: {data_file: FACs15_2deg_heat_0082_tif_A270.dat, experiment_id: FACs_15,
  notes: '', sample_id: FACs_15_88, source_wavelength: 0.9744, time: 0.0}
