features: {I_fluctuation: 0.6635239874046848, Ilowq_over_Imean: 0.35302660127446567,
  Imax_over_Imean: 4.781088604941935, Imax_sharpness: 6.537099564338977, best_hump_qwidth: 0.5083984711618743,
  best_hump_qwidth_log: 0.3910376463278284, best_trough_qwidth: 0.10222567323331808,
  best_trough_qwidth_log: 0.05261701692854043, logI_fluctuation: 0.47229044180887647,
  logI_max_over_std: 13.781340549802609, pearson_expq: -0.011730849153424823, pearson_invexpq: -0.4215863939554953,
  pearson_q: 0.1555331762008768, pearson_q2: 0.070948052262141, q_Icentroid: 3.362587186461781,
  q_best_hump: 0.37659539066738823, q_best_hump_log: -0.9512634697844384, q_best_trough: 0.6479480785660408,
  q_best_trough_log: 0.4949291120474557, q_logIcentroid: 3.314725469070434, r_fftIcentroid: 0.08329428456109413}
fit_report:
  error_weighted: 1
  good_fit: 0
  logI_weighted: 1
  q_range: [0.0, .inf]
noise:
  model: flat
  parameters:
    I0:
      bounds: [0.0, null]
      constraint_expr: null
      fixed: 0
      value: 0.001
sample_metadata: {data_file: FACs15_2deg_heat_0078_tif_A270.dat, experiment_id: FACs_15,
  notes: '', sample_id: FACs_15_33, source_wavelength: 0.9744, time: 0.0}
