features: {I_fluctuation: 0.7611885929161005, Ilowq_over_Imean: 0.3558170856422822,
  Imax_over_Imean: 4.789535048468464, Imax_sharpness: 6.497217159374284, best_hump_qwidth: 0.566760539541973,
  best_hump_qwidth_log: 1.5364990808226926, best_trough_qwidth: 0.06558630375452068,
  best_trough_qwidth_log: 0.03339063209971547, logI_fluctuation: 0.5232612443064374,
  logI_max_over_std: 13.846866348520134, pearson_expq: -0.012927787277579556, pearson_invexpq: -0.4210091096948083,
  pearson_q: 0.15441101583107994, pearson_q2: 0.06977224497826044, q_Icentroid: 3.3614189710303917,
  q_best_hump: 0.34263242994702114, q_best_hump_log: -5.651631376900509, q_best_trough: 0.6739463397198509,
  q_best_trough_log: 0.5784860113674761, q_logIcentroid: 3.314201287074676, r_fftIcentroid: 0.08464486043412875}
fit_report:
  error_weighted: 1
  good_fit: 0
  logI_weighted: 1
  q_range: [0.0, .inf]
noise:
  model: flat
  parameters:
    I0:
      bounds: [0.0, null]
      constraint_expr: null
      fixed: 0
      value: 0.001
sample_metadata: {data_file: FACs15_2deg_heat_0083_tif_A270.dat, experiment_id: FACs_15,
  notes: '', sample_id: FACs_15_45, source_wavelength: 0.9744, time: 0.0}
