features: {I_fluctuation: 0.26155150289862267, Ilowq_over_Imean: 0.3565873578739017,
  Imax_over_Imean: 4.147746647428391, Imax_sharpness: 5.57324944520978, best_hump_qwidth: 0.857198179444661,
  best_hump_qwidth_log: 0.27701005306104065, best_trough_qwidth: 0.3269689961555463,
  best_trough_qwidth_log: 0.21700151965299216, logI_fluctuation: 0.25605278201082843,
  logI_max_over_std: 13.571604681724981, pearson_expq: -0.014844011959614524, pearson_invexpq: -0.434206857729427,
  pearson_q: 0.15897649729573288, pearson_q2: 0.07125164404258989, q_Icentroid: 3.3618809663930906,
  q_best_hump: 0.19760701238362266, q_best_hump_log: 1.7495564204257819, q_best_trough: 0.4795100842110749,
  q_best_trough_log: -0.21009414236829826, q_logIcentroid: 3.314020060223119, r_fftIcentroid: 0.08469305949173712}
fit_report:
  error_weighted: 1
  good_fit: 0
  logI_weighted: 1
  q_range: [0.0, .inf]
noise:
  model: flat
  parameters:
    I0:
      bounds: [0.0, null]
      constraint_expr: null
      fixed: 0
      value: 0.001
sample_metadata: {data_file: FACs_15_cooling_03111724_0025_tif_A270.dat, experiment_id: FACs_15,
  notes: '', sample_id: FACs_15_27, source_wavelength: 0.9744, time: 0.0}
