features: {I_fluctuation: 0.45407182093632736, Ilowq_over_Imean: 0.34723018565584624,
  Imax_over_Imean: 4.428303555169691, Imax_sharpness: 6.210246483180473, best_hump_qwidth: 0.503231784071113,
  best_hump_qwidth_log: 0.5365284841856068, best_trough_qwidth: 0.20976010891521862,
  best_trough_qwidth_log: 0.16544558775031354, logI_fluctuation: 0.35633444725200153,
  logI_max_over_std: 13.621922817958813, pearson_expq: -0.01194733788448712, pearson_invexpq: -0.4272132515089819,
  pearson_q: 0.1578194001831618, pearson_q2: 0.07197856405013227, q_Icentroid: 3.3635834802504827,
  q_best_hump: 0.3691835902560854, q_best_hump_log: -1.6139542088635248, q_best_trough: 0.5559094026978904,
  q_best_trough_log: -0.027851488526656976, q_logIcentroid: 3.314934460476708, r_fftIcentroid: 0.0811758488104364}
fit_report:
  error_weighted: 1
  good_fit: 0
  logI_weighted: 1
  q_range: [0.0, .inf]
noise:
  model: flat
  parameters:
    I0:
      bounds: [0.0, null]
      constraint_expr: null
      fixed: 0
      value: 0.001
sample_metadata: {data_file: FACs15_2deg_heat_0058_tif_A270.dat, experiment_id: FACs_15,
  notes: '', sample_id: FACs_15_10, source_wavelength: 0.9744, time: 0.0}
