features: {I_fluctuation: 0.7448356964095575, Ilowq_over_Imean: 0.3561709284312125,
  Imax_over_Imean: 4.770699444232902, Imax_sharpness: 6.46003730142307, best_hump_qwidth: 0.6205529131575233,
  best_hump_qwidth_log: 2.252505066540597, best_trough_qwidth: 0.05904455391535376,
  best_trough_qwidth_log: 0.030461234647757608, logI_fluctuation: 0.5060216902632826,
  logI_max_over_std: 13.836725430550748, pearson_expq: -0.012173835953322446, pearson_invexpq: -0.42205536130518095,
  pearson_q: 0.1553118658179991, pearson_q2: 0.07061279663757997, q_Icentroid: 3.3617518206096593,
  q_best_hump: 0.3174808454208353, q_best_hump_log: 9.787854097796851, q_best_trough: 0.6788320995874586,
  q_best_trough_log: 0.5914506056470974, q_logIcentroid: 3.3142427450595573, r_fftIcentroid: 0.08486961775660774}
fit_report:
  error_weighted: 1
  good_fit: 0
  logI_weighted: 1
  q_range: [0.0, .inf]
noise:
  model: flat
  parameters:
    I0:
      bounds: [0.0, null]
      constraint_expr: null
      fixed: 0
      value: 0.001
sample_metadata: {data_file: FACs15_2deg_heat_0084_tif_A270.dat, experiment_id: FACs_15,
  notes: '', sample_id: FACs_15_102, source_wavelength: 0.9744, time: 0.0}
