features: {I_fluctuation: 0.5562937687324392, Ilowq_over_Imean: 0.356339783681907,
  Imax_over_Imean: 4.113170350629101, Imax_sharpness: 5.585452310475278, best_hump_qwidth: 0.7157538217279016,
  best_hump_qwidth_log: 0.5051507632330493, best_trough_qwidth: 0.3344959338909779,
  best_trough_qwidth_log: 0.2341068829128021, logI_fluctuation: 0.33804025713739855,
  logI_max_over_std: 13.563402151276065, pearson_expq: -0.014921627308428302, pearson_invexpq: -0.43413401470102625,
  pearson_q: 0.15891499879799376, pearson_q2: 0.07118827883237462, q_Icentroid: 3.361868845945478,
  q_best_hump: 0.26780145995335314, q_best_hump_log: 2.6773465832342196, q_best_trough: 0.47411405157347586,
  q_best_trough_log: -0.28408442879832974, q_logIcentroid: 3.313990136579901, r_fftIcentroid: 0.0843317980701093}
fit_report:
  error_weighted: 1
  good_fit: 0
  logI_weighted: 1
  q_range: [0.0, .inf]
noise:
  model: flat
  parameters:
    I0:
      bounds: [0.0, null]
      constraint_expr: null
      fixed: 0
      value: 0.001
sample_metadata: {data_file: FACs_15_cooling_03111724_0027_tif_A270.dat, experiment_id: FACs_15,
  notes: '', sample_id: FACs_15_53, source_wavelength: 0.9744, time: 0.0}
