features: {I_fluctuation: 0.30195931749709987, Ilowq_over_Imean: 0.37342571140419833,
  Imax_over_Imean: 6.035424898979387, Imax_sharpness: 8.438291152247654, best_hump_qwidth: 0.38161111938931913,
  best_hump_qwidth_log: 0.20886253741406943, best_trough_qwidth: 0.31643642873091293,
  best_trough_qwidth_log: 0.18058232909647892, logI_fluctuation: 0.2484287816283812,
  logI_max_over_std: 14.504744032082911, pearson_expq: -0.020641587061999943, pearson_invexpq: -0.3909540836591633,
  pearson_q: 0.13773477075517196, pearson_q2: 0.0573128229030959, q_Icentroid: 3.350404719614402,
  q_best_hump: 0.4212434493119681, q_best_hump_log: -0.31236752686866565, q_best_trough: 0.4592755033720546,
  q_best_trough_log: -0.17962399228365777, q_logIcentroid: 3.311553271723178, r_fftIcentroid: 0.10936017271519421}
fit_report:
  error_weighted: 1
  good_fit: 0
  logI_weighted: 1
  q_range: [0.0, .inf]
noise:
  model: flat
  parameters:
    I0:
      bounds: [0.0, null]
      constraint_expr: null
      fixed: 0
      value: 0.001
sample_metadata: {data_file: FACs15_2deg_heat_0027_tif_A270.dat, experiment_id: FACs_15,
  notes: '', sample_id: FACs_15_118, source_wavelength: 0.9744, time: 0.0}
