features: {I_fluctuation: 0.46296823883459537, Ilowq_over_Imean: 0.3476720564595297,
  Imax_over_Imean: 4.4911029605817605, Imax_sharpness: 6.274036335826917, best_hump_qwidth: 0.5185902068516307,
  best_hump_qwidth_log: 0.53148581242926, best_trough_qwidth: 0.19435664092956834,
  best_trough_qwidth_log: 0.13574311637222325, logI_fluctuation: 0.34916153197961486,
  logI_max_over_std: 13.636701253729772, pearson_expq: -0.011856881917262488, pearson_invexpq: -0.425852205657337,
  pearson_q: 0.15734697877350998, pearson_q2: 0.0717983736833669, q_Icentroid: 3.3635763307393507,
  q_best_hump: 0.3683414925947517, q_best_hump_log: -1.53867134250036, q_best_trough: 0.5734286665951163,
  q_best_trough_log: 0.11891731790940385, q_logIcentroid: 3.3150090410599127, r_fftIcentroid: 0.08147038479666886}
fit_report:
  error_weighted: 1
  good_fit: 0
  logI_weighted: 1
  q_range: [0.0, .inf]
noise:
  model: flat
  parameters:
    I0:
      bounds: [0.0, null]
      constraint_expr: null
      fixed: 0
      value: 0.001
sample_metadata: {data_file: FACs15_2deg_heat_0060_tif_A270.dat, experiment_id: FACs_15,
  notes: '', sample_id: FACs_15_37, source_wavelength: 0.9744, time: 0.0}
