features: {I_fluctuation: 0.17799788740784755, Ilowq_over_Imean: 0.37312867984369713,
  Imax_over_Imean: 5.5863076151543005, Imax_sharpness: 7.749414796793385, best_hump_qwidth: 0.344899494860937,
  best_hump_qwidth_log: 0.13317394413453057, best_trough_qwidth: 0.2963887929734586,
  best_trough_qwidth_log: 0.13783638691550254, logI_fluctuation: 0.27999925655429625,
  logI_max_over_std: 14.360017924348572, pearson_expq: -0.020759633109902274, pearson_invexpq: -0.3903269069889851,
  pearson_q: 0.13744958556291179, pearson_q2: 0.057112579928369274, q_Icentroid: 3.3503953789087904,
  q_best_hump: 0.44470350739562425, q_best_hump_log: 0.03951028672197454, q_best_trough: 0.47259763899774354,
  q_best_trough_log: 0.02136548646614278, q_logIcentroid: 3.311647212008742, r_fftIcentroid: 0.10360267547089302}
fit_report:
  error_weighted: 1
  good_fit: 0
  logI_weighted: 1
  q_range: [0.0, .inf]
noise:
  model: flat
  parameters:
    I0:
      bounds: [0.0, null]
      constraint_expr: null
      fixed: 0
      value: 0.001
sample_metadata: {data_file: FACs15_2deg_heat_0022_tif_A270.dat, experiment_id: FACs_15,
  notes: '', sample_id: FACs_15_71, source_wavelength: 0.9744, time: 0.0}
