features: {I_fluctuation: 0.5797705621629695, Ilowq_over_Imean: 0.37291506890580645,
  Imax_over_Imean: 6.009908017934171, Imax_sharpness: 9.104614458440702, best_hump_qwidth: 0.3633879696693135,
  best_hump_qwidth_log: 0.1746739104762598, best_trough_qwidth: 0.30354248971467623,
  best_trough_qwidth_log: 0.15870404036016478, logI_fluctuation: 0.38248541196537017,
  logI_max_over_std: 14.570431345557346, pearson_expq: -0.020665812270825548, pearson_invexpq: -0.4060947132850616,
  pearson_q: 0.14352084186800645, pearson_q2: 0.06017176551581698, q_Icentroid: 3.35123480754197,
  q_best_hump: 0.42851966096199945, q_best_hump_log: -0.14287308789682696, q_best_trough: 0.46399496949816665,
  q_best_trough_log: -0.06786902765687852, q_logIcentroid: 3.310963386260232, r_fftIcentroid: 0.11652507898265987}
fit_report:
  error_weighted: 1
  good_fit: 0
  logI_weighted: 1
  q_range: [0.0, .inf]
noise:
  model: flat
  parameters:
    I0:
      bounds: [0.0, null]
      constraint_expr: null
      fixed: 0
      value: 0.001
sample_metadata: {data_file: FACs15_2deg_heat_0037_tif_A270.dat, experiment_id: FACs_15,
  notes: '', sample_id: FACs_15_115, source_wavelength: 0.9744, time: 0.0}
