features: {I_fluctuation: 0.6000142467054491, Ilowq_over_Imean: 0.3728152244379783,
  Imax_over_Imean: 5.701965154965672, Imax_sharpness: 8.205124270020208, best_hump_qwidth: 0.4026680102629322,
  best_hump_qwidth_log: 0.2587846290696773, best_trough_qwidth: 0.30434149113527914,
  best_trough_qwidth_log: 0.15765423623770455, logI_fluctuation: 0.39722125696582383,
  logI_max_over_std: 14.380357415045506, pearson_expq: -0.020703815886906535, pearson_invexpq: -0.390312594137886,
  pearson_q: 0.13759298917920376, pearson_q2: 0.05725242024520927, q_Icentroid: 3.350581985184519,
  q_best_hump: 0.4121559798195289, q_best_hump_log: -0.5304489709609377, q_best_trough: 0.4675190519005463,
  q_best_trough_log: -0.07300933453483838, q_logIcentroid: 3.3117526376802324, r_fftIcentroid: 0.10164204739436826}
fit_report:
  error_weighted: 1
  good_fit: 0
  logI_weighted: 1
  q_range: [0.0, .inf]
noise:
  model: flat
  parameters:
    I0:
      bounds: [0.0, null]
      constraint_expr: null
      fixed: 0
      value: 0.001
sample_metadata: {data_file: FACs15_2deg_heat_0020_tif_A270.dat, experiment_id: FACs_15,
  notes: '', sample_id: FACs_15_89, source_wavelength: 0.9744, time: 0.0}
