features: {I_fluctuation: 0.5187654737340108, Ilowq_over_Imean: 0.37214665407525443,
  Imax_over_Imean: 5.871510445342888, Imax_sharpness: 8.44045929702796, best_hump_qwidth: 0.37297110123706395,
  best_hump_qwidth_log: 0.17798935831081192, best_trough_qwidth: 0.2857238189492073,
  best_trough_qwidth_log: 0.13412622041076686, logI_fluctuation: 0.35172918061770403,
  logI_max_over_std: 14.411908177919196, pearson_expq: -0.019996849505476057, pearson_invexpq: -0.3910305883491265,
  pearson_q: 0.13839783520616486, pearson_q2: 0.05803777720164092, q_Icentroid: 3.3511202204610675,
  q_best_hump: 0.4302620686478771, q_best_hump_log: -0.16097575863520852, q_best_trough: 0.48001667826865546,
  q_best_trough_log: 0.03903229904319616, q_logIcentroid: 3.3119130340809364, r_fftIcentroid: 0.09858999338782497}
fit_report:
  error_weighted: 1
  good_fit: 0
  logI_weighted: 1
  q_range: [0.0, .inf]
noise:
  model: flat
  parameters:
    I0:
      bounds: [0.0, null]
      constraint_expr: null
      fixed: 0
      value: 0.001
sample_metadata: {data_file: FACs15_2deg_heat_0016_tif_A270.dat, experiment_id: FACs_15,
  notes: '', sample_id: FACs_15_56, source_wavelength: 0.9744, time: 0.0}
