features: {I_fluctuation: 0.9889388330689229, Ilowq_over_Imean: 0.36118961060587484,
  Imax_over_Imean: 3.624896682146805, Imax_sharpness: 8.15202497724462, best_hump_qwidth: 0.3838440987925422,
  best_hump_qwidth_log: 0.24663636092568464, best_trough_qwidth: 0.36008764612257466,
  best_trough_qwidth_log: 0.31084399308887006, logI_fluctuation: 0.530628590530771,
  logI_max_over_std: 13.722740231204266, pearson_expq: -0.01894983667314186, pearson_invexpq: -0.452178435530347,
  pearson_q: 0.16265169536330124, pearson_q2: 0.0706273559702054, q_Icentroid: 3.3564009760257743,
  q_best_hump: 0.4055056233781711, q_best_hump_log: -0.4449247653960309, q_best_trough: 0.42096624769806956,
  q_best_trough_log: -0.7201128803087333, q_logIcentroid: 3.310817057453423, r_fftIcentroid: 0.10571322631275851}
fit_report:
  error_weighted: 1
  good_fit: 0
  logI_weighted: 1
  q_range: [0.0, .inf]
noise:
  model: flat
  parameters:
    I0:
      bounds: [0.0, null]
      constraint_expr: null
      fixed: 0
      value: 0.001
sample_metadata: {data_file: FACs15_2deg_heat_0044_tif_A270.dat, experiment_id: FACs_15,
  notes: '', sample_id: FACs_15_30, source_wavelength: 0.9744, time: 0.0}
