features: {I_fluctuation: 0.5264332205181063, Ilowq_over_Imean: 0.3723667505197775,
  Imax_over_Imean: 5.831968366001671, Imax_sharpness: 8.384592934529852, best_hump_qwidth: 0.3501810506338534,
  best_hump_qwidth_log: 0.13753112969325113, best_trough_qwidth: 0.2868388965494449,
  best_trough_qwidth_log: 0.13270767966486624, logI_fluctuation: 0.37118181263697425,
  logI_max_over_std: 14.414017188196727, pearson_expq: -0.02038190217715707, pearson_invexpq: -0.3907067448486042,
  pearson_q: 0.13794076494780652, pearson_q2: 0.05758130673050852, q_Icentroid: 3.3508041246199425,
  q_best_hump: 0.44227639553698594, q_best_hump_log: 0.020419448558368636, q_best_trough: 0.47891112043027073,
  q_best_trough_log: 0.045685920238260014, q_logIcentroid: 3.3118062675403572, r_fftIcentroid: 0.09909923421951992}
fit_report:
  error_weighted: 1
  good_fit: 0
  logI_weighted: 1
  q_range: [0.0, .inf]
noise:
  model: flat
  parameters:
    I0:
      bounds: [0.0, null]
      constraint_expr: null
      fixed: 0
      value: 0.001
sample_metadata: {data_file: FACs15_2deg_heat_0017_tif_A270.dat, experiment_id: FACs_15,
  notes: '', sample_id: FACs_15_109, source_wavelength: 0.9744, time: 0.0}
