{ODE_flowrate: -22.552507878442803, ODE_setpoint: 0.0, Pd_TOP_flowrate: 75.93383311111145,
  Pd_TOP_setpoint: 75.00007090475327, TOP_flowrate: -13.33780076200091, TOP_setpoint: 0.0,
  T_read_A: 249.9799, T_read_B: 40.38889, T_set_A: 250.0, T_set_B: null, date_time: '2018-06-24
    20:18:54.225596-07:00', exposure_time: 10.0, oleylamine_flowrate: 5.455010551942062,
  oleylamine_setpoint: 0.0, source_wavelength: 0.799898, t_utc: 1529896734.225329,
  time: 1529896734.225329}
