{ODE_flowrate: 0.0, ODE_setpoint: 0.0, Pd_TOP_flowrate: 61.27497151067766, Pd_TOP_setpoint: 59.999960907907564,
  TOP_flowrate: 14.965083542965303, TOP_setpoint: 15.000126795439087, T_read_A: 270.1296,
  T_read_B: 47.74643, T_set_A: 270.0, T_set_B: null, date_time: '2018-06-24 16:34:41.906333-07:00',
  exposure_time: 10.0, oleylamine_flowrate: 5.489950552563653, oleylamine_setpoint: 0.0,
  source_wavelength: 0.799898, t_utc: 1529883281.906152, time: 1529883281.906152}
