{ODE_flowrate: -22.94409972689827, ODE_setpoint: 0.0, Pd_TOP_flowrate: 59.84207156403397,
  Pd_TOP_setpoint: 59.999960907907564, TOP_flowrate: 14.875097354735107, TOP_setpoint: 15.000126795439087,
  T_read_A: 250.0334, T_read_B: 41.25497, T_set_A: 250.0, T_set_B: null, date_time: '2018-06-24
    20:56:45.806604-07:00', exposure_time: 10.0, oleylamine_flowrate: 5.488042417500666,
  oleylamine_setpoint: 0.0, source_wavelength: 0.799898, t_utc: 1529899005.806424,
  time: 1529899005.806424}
