{ODE_flowrate: 0.0, ODE_setpoint: 0.0, Pd_TOP_flowrate: 200.30802211336484, Pd_TOP_setpoint: 200.0000069367943,
  TOP_flowrate: 0.0, TOP_setpoint: 0.0, T_read_A: 249.9439, T_read_B: 70.21658, T_set_A: 250.0,
  T_set_B: null, date_time: '2018-06-24 18:47:37.020623-07:00', exposure_time: 10.0,
  oleylamine_flowrate: 0.0, oleylamine_setpoint: 0.0, source_wavelength: 0.799898,
  t_utc: 1529891257.020443, time: 1529891257.020443}
