{ODE_flowrate: 0.0, ODE_setpoint: 0.0, Pd_TOP_flowrate: 194.03623080310118, Pd_TOP_setpoint: 200.0000069367943,
  TOP_flowrate: 0.0, TOP_setpoint: 0.0, T_read_A: 269.6677, T_read_B: 77.18494, T_set_A: 270.0,
  T_set_B: null, date_time: '2018-06-24 14:07:41.605233-07:00', exposure_time: 10.0,
  oleylamine_flowrate: 0.0, oleylamine_setpoint: 0.0, source_wavelength: 0.799898,
  t_utc: 1529874461.605056, time: 1529874461.605056}
