{ODE_flowrate: -23.00933910618629, ODE_setpoint: 0.0, Pd_TOP_flowrate: 59.916124286491495,
  Pd_TOP_setpoint: 59.999960907907564, TOP_flowrate: 7.4512336157419305, TOP_setpoint: 7.500066665702253,
  T_read_A: 250.0809, T_read_B: 41.12393, T_set_A: 250.0, T_set_B: null, date_time: '2018-06-24
    21:34:21.817328-07:00', exposure_time: 10.0, oleylamine_flowrate: 7.538680442754444,
  oleylamine_setpoint: 7.50003023013641, source_wavelength: 0.799898, t_utc: 1529901261.81715,
  time: 1529901261.81715}
