{ODE_flowrate: -23.161448556901664, ODE_setpoint: 0.0, Pd_TOP_flowrate: 60.014774018608236,
  Pd_TOP_setpoint: 59.999960907907564, TOP_flowrate: 14.875097354735107, TOP_setpoint: 15.000126795439087,
  T_read_A: 250.0527, T_read_B: 41.36874, T_set_A: 250.0, T_set_B: null, date_time: '2018-06-24
    20:49:06.805419-07:00', exposure_time: 10.0, oleylamine_flowrate: 5.49584435869429,
  oleylamine_setpoint: 0.0, source_wavelength: 0.799898, t_utc: 1529898546.80515,
  time: 1529898546.80515}
