{ODE_flowrate: -23.161448556901664, ODE_setpoint: 0.0, Pd_TOP_flowrate: 60.088844017046725,
  Pd_TOP_setpoint: 59.999960907907564, TOP_flowrate: -13.370160771471149, TOP_setpoint: 0.0,
  T_read_A: 270.022, T_read_B: 44.80881, T_set_A: 270.0, T_set_B: null, date_time: '2018-06-24
    17:57:23.244686-07:00', exposure_time: 10.0, oleylamine_flowrate: 14.954722885629483,
  oleylamine_setpoint: 15.00005369486598, source_wavelength: 0.799898, t_utc: 1529888243.24451,
  time: 1529888243.24451}
