{ODE_flowrate: -23.00933910618629, ODE_setpoint: 0.0, Pd_TOP_flowrate: 60.014774018608236,
  Pd_TOP_setpoint: 59.999960907907564, TOP_flowrate: 14.965083542965303, TOP_setpoint: 15.000126795439087,
  T_read_A: 249.9219, T_read_B: 39.86487, T_set_A: 250.0, T_set_B: null, date_time: '2018-06-24
    21:11:48.995777-07:00', exposure_time: 10.0, oleylamine_flowrate: 5.477249217637746,
  oleylamine_setpoint: 0.0, source_wavelength: 0.799898, t_utc: 1529899908.995516,
  time: 1529899908.995516}
