{ODE_flowrate: 0.0, ODE_setpoint: 0.0, Pd_TOP_flowrate: 75.32893588036198, Pd_TOP_setpoint: 75.00007090475327,
  TOP_flowrate: -13.402309882336935, TOP_setpoint: 0.0, T_read_A: 250.0431, T_read_B: 41.56869,
  T_set_A: 250.0, T_set_B: null, date_time: '2018-06-24 20:26:30.204299-07:00', exposure_time: 10.0,
  oleylamine_flowrate: 5.491888930993464, oleylamine_setpoint: 0.0, source_wavelength: 0.799898,
  t_utc: 1529897190.204129, time: 1529897190.204129}
