{ODE_flowrate: -23.161448556901664, ODE_setpoint: 0.0, Pd_TOP_flowrate: 159.97019378772669,
  Pd_TOP_setpoint: 160.0000755779229, TOP_flowrate: 20.197868547779603, TOP_setpoint: 19.999989524287688,
  T_read_A: 249.9638, T_read_B: 70.76941, T_set_A: 250.0, T_set_B: null, date_time: '2018-06-24
    19:17:37.352014-07:00', exposure_time: 10.0, oleylamine_flowrate: 20.020431205814536,
  oleylamine_setpoint: 19.99998036650422, source_wavelength: 0.799898, t_utc: 1529893057.351835,
  time: 1529893057.351835}
