{ODE_flowrate: -23.096226453594607, ODE_setpoint: 0.0, Pd_TOP_flowrate: 159.97019378772669,
  Pd_TOP_setpoint: 160.0000755779229, TOP_flowrate: 19.82317066135192, TOP_setpoint: 19.999989524287688,
  T_read_A: 269.9543, T_read_B: 79.29877, T_set_A: 270.0, T_set_B: null, date_time: '2018-06-24
    15:02:54.247732-07:00', exposure_time: 10.0, oleylamine_flowrate: 20.139328887086158,
  oleylamine_setpoint: 19.99998036650422, source_wavelength: 0.799898, t_utc: 1529877774.247558,
  time: 1529877774.247558}
