{ODE_flowrate: 0.0, ODE_setpoint: 0.0, Pd_TOP_flowrate: 159.10803764062203, Pd_TOP_setpoint: 160.0000755779229,
  TOP_flowrate: 0.0, TOP_setpoint: 0.0, T_read_A: 270.2615, T_read_B: 82.90442, T_set_A: 270.0,
  T_set_B: null, date_time: '2018-06-24 15:19:23.239754-07:00', exposure_time: 10.0,
  oleylamine_flowrate: 39.73760062065347, oleylamine_setpoint: 39.999971442913974,
  source_wavelength: 0.799898, t_utc: 1529878763.239578, time: 1529878763.239578}
