{ODE_flowrate: -22.269482135093263, ODE_setpoint: 0.0, Pd_TOP_flowrate: 76.00947860196814,
  Pd_TOP_setpoint: 75.00007090475327, TOP_flowrate: -13.434635433283404, TOP_setpoint: 0.0,
  T_read_A: 270.0065, T_read_B: 45.04242, T_set_A: 270.0, T_set_B: null, date_time: '2018-06-24
    15:56:25.178184-07:00', exposure_time: 10.0, oleylamine_flowrate: 5.489950552563653,
  oleylamine_setpoint: 0.0, source_wavelength: 0.799898, t_utc: 1529880985.178009,
  time: 1529880985.178009}
