{ODE_flowrate: -22.85705886196618, ODE_setpoint: 0.0, Pd_TOP_flowrate: 160.8329739828967,
  Pd_TOP_setpoint: 160.0000755779229, TOP_flowrate: 20.010381770160865, TOP_setpoint: 19.999989524287688,
  T_read_A: 270.1367, T_read_B: 79.35919, T_set_A: 270.0, T_set_B: null, date_time: '2018-06-24
    14:50:44.246938-07:00', exposure_time: 10.0, oleylamine_flowrate: 20.10951462791872,
  oleylamine_setpoint: 19.99998036650422, source_wavelength: 0.799898, t_utc: 1529877044.246773,
  time: 1529877044.246773}
