{ODE_flowrate: -22.33479807097959, ODE_setpoint: 0.0, Pd_TOP_flowrate: 60.088844017046725,
  Pd_TOP_setpoint: 59.999960907907564, TOP_flowrate: 7.409467149542802, TOP_setpoint: 7.500066665702253,
  T_read_A: 270.0197, T_read_B: 47.13562, T_set_A: 270.0, T_set_B: null, date_time: '2018-06-24
    17:26:43.809426-07:00', exposure_time: 10.0, oleylamine_flowrate: 7.516214418700093,
  oleylamine_setpoint: 7.50003023013641, source_wavelength: 0.799898, t_utc: 1529886403.809248,
  time: 1529886403.809248}
