{ODE_flowrate: 0.0, ODE_setpoint: 0.0, Pd_TOP_flowrate: 59.570509600704725, Pd_TOP_setpoint: 59.999960907907564,
  TOP_flowrate: -13.466943703228461, TOP_setpoint: 0.0, T_read_A: 269.9999, T_read_B: 45.16309,
  T_set_A: 270.0, T_set_B: null, date_time: '2018-06-24 17:49:35.025033-07:00', exposure_time: 10.0,
  oleylamine_flowrate: 14.906775369710903, oleylamine_setpoint: 15.00005369486598,
  source_wavelength: 0.799898, t_utc: 1529887775.024791, time: 1529887775.024791}
