{ODE_flowrate: 0.0, ODE_setpoint: 0.0, Pd_TOP_flowrate: 159.6640853412408, Pd_TOP_setpoint: 160.0000755779229,
  TOP_flowrate: -13.273222930955809, TOP_setpoint: 0.0, T_read_A: 269.9135, T_read_B: 82.78943,
  T_set_A: 270.0, T_set_B: null, date_time: '2018-06-24 15:12:57.246687-07:00', exposure_time: 10.0,
  oleylamine_flowrate: 39.73760062065347, oleylamine_setpoint: 39.999971442913974,
  source_wavelength: 0.799898, t_utc: 1529878377.246391, time: 1529878377.246391}
