{ODE_flowrate: -22.269482135093263, ODE_setpoint: 0.0, Pd_TOP_flowrate: 143.6981034962889,
  Pd_TOP_setpoint: 75.00007090475327, TOP_flowrate: -13.402309882336935, TOP_setpoint: 0.0,
  T_read_A: 270.0553, T_read_B: 64.26398, T_set_A: 270.0, T_set_B: null, date_time: '2018-06-24
    15:34:22.230310-07:00', exposure_time: 10.0, oleylamine_flowrate: 5.491888930993464,
  oleylamine_setpoint: 0.0, source_wavelength: 0.799898, t_utc: 1529879662.23014,
  time: 1529879662.23014}
