features: {I_fluctuation: 5.192721062577246, Ilowq_over_Imean: 4.013838791831388,
  Imax_over_Imean: 5.054449847437046, Imax_sharpness: 1.0919670420277408, best_hump_qwidth: 0.014951826085779595,
  best_hump_qwidth_log: 0.04653826145724626, best_trough_qwidth: 0.1179535779043297,
  best_trough_qwidth_log: 0.14520653555419874, logI_fluctuation: 9.322299869411209,
  logI_max_over_std: 1.1290483148144372, pearson_expq: -0.512644424807662, pearson_invexpq: 0.6051356217691611,
  pearson_q: -0.558734562570597, pearson_q2: -0.4004824022334491, q_Icentroid: 0.21392679675869017,
  q_best_hump: 0.02034810615768462, q_best_hump_log: 0.020457863612322158, q_best_trough: 0.20075209190780982,
  q_best_trough_log: 0.42353128711710925, q_logIcentroid: 0.35961236248815265, r_fftIcentroid: 0.08709433123661323}
fit_report:
  converged: 1
  error_weighted: 1
  final_objective: 0.8731621529997088
  fit_snr: 1.3658828009010777
  good_fit: 0
  initial_objective: 76.7546334447188
  logI_weighted: 1
  q_range: [0.0, .inf]
noise:
  model: flat
  parameters:
    I0:
      bounds: [0.0, .inf]
      constraint_expr: null
      fixed: 0
      value: 0.7011811989600463
sample_metadata: {data_file: RxnC_201903_1_dz_bgsub.dat, experiment_id: RxnC_201903,
  notes: '', sample_id: RxnC_201903_1552259370, source_wavelength: 0.799898, time: 1552259370.001626}
