features: {I_fluctuation: 2.2630818272031465, Ilowq_over_Imean: 0.8819058925643103,
  Imax_over_Imean: 1.1037170296878733, Imax_sharpness: 1.0303984093433909, best_hump_qwidth: 0.00015419007422928018,
  best_hump_qwidth_log: 6.213791557602559e-05, best_trough_qwidth: 0.00015419007422928018,
  best_trough_qwidth_log: 6.213791557602559e-05, logI_fluctuation: 1.201572545781987,
  logI_max_over_std: 15.59026623478862, pearson_expq: -0.1559951154184754, pearson_invexpq: 0.09032156963861598,
  pearson_q: -0.12501746805464042, pearson_q2: -0.2247980564102903, q_Icentroid: 0.30775170248704553,
  q_best_hump: 0.03640527644395791, q_best_hump_log: 0.033431220184530375, q_best_trough: 0.03640527644395791,
  q_best_trough_log: 0.033431220184530375, q_logIcentroid: 0.3103945514687301, r_fftIcentroid: 0.1297986121194948}
fit_report:
  converged: 1
  error_weighted: 1
  final_objective: 0.007283211366955478
  fit_snr: 9.772364503820452
  good_fit: 0
  initial_objective: 41.69436354305692
  logI_weighted: 1
  q_range: [0.0, .inf]
noise:
  model: flat
  parameters:
    I0:
      bounds: [0.0, .inf]
      constraint_expr: null
      fixed: 0
      value: 15.976209832985099
sample_metadata: {data_file: flow_rxn_A_17_4_dz_bgsub.dat, experiment_id: RxnA_201807,
  notes: '', sample_id: RxnA_201807_1532188129, source_wavelength: 0.799898, time: 1532188129.972113}
