features: {I_fluctuation: 6.733943819650728, Ilowq_over_Imean: 0.9110001081927365,
  Imax_over_Imean: 1.3442849796079772, Imax_sharpness: 1.1328650599703465, best_hump_qwidth: 0.0004492095852901915,
  best_hump_qwidth_log: 0.00016496249462132445, best_trough_qwidth: 0.008168571027133979,
  best_trough_qwidth_log: 0.0001835662541027089, logI_fluctuation: 3.4862032901850517,
  logI_max_over_std: 6.3957517094080965, pearson_expq: -0.12850197533210853, pearson_invexpq: 0.0807335160236768,
  pearson_q: -0.10606016183126474, pearson_q2: -0.17820777303085952, q_Icentroid: 0.3077509818942766,
  q_best_hump: 0.04928369070322819, q_best_hump_log: 0.038389377668371694, q_best_trough: 0.4288514485589495,
  q_best_trough_log: 0.039720404496189465, q_logIcentroid: 0.3121752976080017, r_fftIcentroid: 0.13457697360488766}
fit_report:
  converged: 1
  error_weighted: 1
  final_objective: 0.009434078667255265
  fit_snr: 8.318026092970097
  good_fit: 1
  initial_objective: 71.81746035612906
  logI_weighted: 1
  q_range: [0.0, .inf]
noise:
  model: flat
  parameters:
    I0:
      bounds: [0.0, .inf]
      constraint_expr: null
      fixed: 0
      value: 4.788474447018333
sample_metadata: {data_file: flow_rxn_A_21_4_dz_bgsub.dat, experiment_id: RxnA_201807,
  notes: '', sample_id: RxnA_201807_1532201752, source_wavelength: 0.799898, time: 1532201752.320109}
