features: {I_fluctuation: 2.7986581434783098, Ilowq_over_Imean: 3.519011201766841,
  Imax_over_Imean: 17.646076208015067, Imax_sharpness: 1.1035019592884046, best_hump_qwidth: 0.00014202497650119404,
  best_hump_qwidth_log: 0.0006741463537873943, best_trough_qwidth: 0.005471496400195496,
  best_trough_qwidth_log: 0.001955143688954683, logI_fluctuation: 13.872851767596634,
  logI_max_over_std: 5.063705420059962, pearson_expq: -0.24441367093129562, pearson_invexpq: 0.30062484080991636,
  pearson_q: -0.2718686069937194, pearson_q2: -0.17588645764188585, q_Icentroid: 0.24046709349739237,
  q_best_hump: 0.03595345155179208, q_best_hump_log: 0.04131263357613496, q_best_trough: 0.08083161800527727,
  q_best_trough_log: 0.08179906431744519, q_logIcentroid: 0.3547540285948318, r_fftIcentroid: 0.12902021667940056}
fit_report:
  converged: 1
  error_weighted: 1
  final_objective: 0.07102405224086439
  fit_snr: 0.46833384794628435
  good_fit: 1
  initial_objective: 0.6065933426785555
  logI_weighted: 1
  q_range: [0.1, .inf]
noise:
  model: flat
  parameters:
    I0:
      bounds: [0.0, .inf]
      constraint_expr: null
      fixed: 0
      value: 0.649634632946255
sample_metadata: {data_file: flow_rxn_A_19_4_dz_bgsub.dat, experiment_id: RxnA_201807,
  notes: '', sample_id: RxnA_201807_1532195007, source_wavelength: 0.799898, time: 1532195007.962647}
