features: {I_fluctuation: 2.1949284998127623, Ilowq_over_Imean: 0.27534016069173245,
  Imax_over_Imean: 390.8818570939769, Imax_sharpness: 104.60955006428522, best_hump_qwidth: 0.005924983520538298,
  best_hump_qwidth_log: 0.005075547927502879, best_trough_qwidth: 0.006069385644739009,
  best_trough_qwidth_log: 0.005535424590151078, logI_fluctuation: 345.55636863321536,
  logI_max_over_std: 11.87072098518446, pearson_expq: -0.021872076817082788, pearson_invexpq: 0.0027650217673675886,
  pearson_q: -0.020433732210800384, pearson_q2: -0.02370095714538272, q_Icentroid: 3.0370078809680106,
  q_best_hump: 1.916496712104838, q_best_hump_log: 1.9258806513360518, q_best_trough: 1.911015101701666,
  q_best_trough_log: 1.9239705499818096, q_logIcentroid: 3.3262492311747915, r_fftIcentroid: 0.034220003978853976}
fit_report:
  error_weighted: 1
  good_fit: 0
  logI_weighted: 1
  q_range: [0.0, .inf]
noise:
  model: flat
  parameters:
    I0:
      bounds: [0.0, null]
      constraint_expr: null
      fixed: 0
      value: 0.001
sample_metadata: {data_file: CZTS_22_M4137_8975eva.dat, experiment_id: CZTS, notes: '',
  sample_id: CZTS_1, source_wavelength: 1.381, time: 0.0}
