features: {I_fluctuation: 7.597564271949734, Ilowq_over_Imean: 0.3969761232316229,
  Imax_over_Imean: 220.29100689242918, Imax_sharpness: 78.5010742513515, best_hump_qwidth: 0.006550526742626778,
  best_hump_qwidth_log: 0.005332836707489429, best_trough_qwidth: 0.006733243333501315,
  best_trough_qwidth_log: 0.0057412664876013, logI_fluctuation: 431.7884227946307,
  logI_max_over_std: 14.164612346952774, pearson_expq: -0.025866060682502738, pearson_invexpq: -0.0015389010073090241,
  pearson_q: -0.021271990895464676, pearson_q2: -0.02606138322968975, q_Icentroid: 3.27067392078187,
  q_best_hump: 1.915908954329664, q_best_hump_log: 1.922212494868341, q_best_trough: 1.9093153010437263,
  q_best_trough_log: 1.9181684651091653, q_logIcentroid: 3.466907553684429, r_fftIcentroid: 0.09223318848455539}
fit_report:
  error_weighted: 1
  good_fit: 0
  logI_weighted: 1
  q_range: [0.0, .inf]
noise:
  model: flat
  parameters:
    I0:
      bounds: [0.0, null]
      constraint_expr: null
      fixed: 0
      value: 0.001
sample_metadata: {data_file: CZTS_22_M4137_9656eva.dat, experiment_id: CZTS, notes: '',
  sample_id: CZTS_2, source_wavelength: 1.284, time: 0.0}
