ODE_bad_flow_detected: 0
ODE_extra_bad_flow_detected: 0
ODE_extra_flowrate: 60500.0
ODE_extra_flowrate_ok: 1
ODE_extra_fraction: 0.29868310601607645
ODE_extra_setpoint: 61139.0
ODE_extra_volume_limit_ok: 1
ODE_flowrate: -1666.0
ODE_flowrate_ok: 1
ODE_setpoint: 0.0
ODE_volume_limit_ok: 1
Pd_TOP_bad_flow_detected: 0
Pd_TOP_flowrate: 104000.0
Pd_TOP_flowrate_ok: 1
Pd_TOP_setpoint: 102753.0
Pd_TOP_volume_limit_ok: 1
TOP_bad_flow_detected: 0
TOP_flowrate: 57333.0
TOP_flowrate_ok: 1
TOP_fraction: 0.28048617061740144
TOP_setpoint: 57152.0
TOP_volume_limit_ok: 1
T_read_A: 299.5297
T_set: 299.5961697942491
experiment_id: R2_20190424
exposure_time: 10.0
flowrate: 22.158832359796506
oleylamine_bad_flow_detected: 0
oleylamine_flowrate: 2666.0
oleylamine_flowrate_ok: 1
oleylamine_fraction: 0.0036831739509380493
oleylamine_setpoint: 2942.0
oleylamine_volume_limit_ok: 1
reaction_id: R2_20190424_7
sample_id: R2_20190424_7_1556289966
source_wavelength: 0.799898
time: 1556289966.782803
