ODE_bad_flow_detected: 0
ODE_extra_bad_flow_detected: 0
ODE_extra_flowrate: 193333.0
ODE_extra_flowrate_ok: 1
ODE_extra_fraction: 0.29705093507323527
ODE_extra_setpoint: 193118.0
ODE_extra_volume_limit_ok: 1
ODE_flowrate: -500.0
ODE_flowrate_ok: 1
ODE_setpoint: 0.0
ODE_volume_limit_ok: 1
Pd_TOP_bad_flow_detected: 0
Pd_TOP_flowrate: 531501.0
Pd_TOP_flowrate_ok: 1
Pd_TOP_setpoint: 530103.0
Pd_TOP_volume_limit_ok: 1
TOP_bad_flow_detected: 0
TOP_flowrate: 4000.0
TOP_flowrate_ok: 1
TOP_fraction: 0.0010662099121596913
TOP_setpoint: 4132.0
TOP_volume_limit_ok: 1
T_read_A: 220.1098
T_set: 220.0905797343266
experiment_id: R2_20190424
exposure_time: 10.0
flowrate: 118.63657645157465
oleylamine_bad_flow_detected: 0
oleylamine_flowrate: 106500.0
oleylamine_flowrate_ok: 1
oleylamine_fraction: 0.12265770378175452
oleylamine_setpoint: 106343.0
oleylamine_volume_limit_ok: 1
reaction_id: R2_20190424_1
sample_id: R2_20190424_1_1556265593
source_wavelength: 0.799898
time: 1556265593.044392
