ODE_bad_flow_detected: 0
ODE_extra_bad_flow_detected: 0
ODE_extra_flowrate: 63333.0
ODE_extra_flowrate_ok: 1
ODE_extra_fraction: 0.29771865767057204
ODE_extra_setpoint: 63349.0
ODE_extra_volume_limit_ok: 1
ODE_flowrate: 500.0
ODE_flowrate_ok: 1
ODE_setpoint: 0.0
ODE_volume_limit_ok: 1
Pd_TOP_bad_flow_detected: 0
Pd_TOP_flowrate: 104500.0
Pd_TOP_flowrate_ok: 1
Pd_TOP_setpoint: 104648.0
Pd_TOP_volume_limit_ok: 1
TOP_bad_flow_detected: 0
TOP_flowrate: 61666.0
TOP_flowrate_ok: 1
TOP_fraction: 0.2972107303721704
TOP_setpoint: 61669.0
TOP_volume_limit_ok: 1
T_read_A: 299.686
T_set: 299.68003008031377
experiment_id: R2_20190424
exposure_time: 10.0
flowrate: 23.40850104994692
oleylamine_bad_flow_detected: 0
oleylamine_flowrate: 1833.0
oleylamine_flowrate_ok: 1
oleylamine_fraction: 0.001271124441074935
oleylamine_setpoint: 1463.0
oleylamine_volume_limit_ok: 1
reaction_id: R2_20190424_8
sample_id: R2_20190424_8_1556295257
source_wavelength: 0.799898
time: 1556295257.563702
