ODE_bad_flow_detected: 0
ODE_extra_bad_flow_detected: 0
ODE_extra_flowrate: 1333.0
ODE_extra_flowrate_ok: 1
ODE_extra_fraction: 0.00022578608176688461
ODE_extra_setpoint: 687.0
ODE_extra_volume_limit_ok: 1
ODE_flowrate: 8000.0
ODE_flowrate_ok: 1
ODE_setpoint: 0.0
ODE_volume_limit_ok: 1
Pd_TOP_bad_flow_detected: 0
Pd_TOP_flowrate: 309667.0
Pd_TOP_flowrate_ok: 1
Pd_TOP_setpoint: 310120.0
Pd_TOP_volume_limit_ok: 1
TOP_bad_flow_detected: 0
TOP_flowrate: 37833.0
TOP_flowrate_ok: 1
TOP_fraction: 0.077671390411841
TOP_setpoint: 37558.0
TOP_volume_limit_ok: 1
T_read_A: 299.9103
T_set: 299.9625076108549
experiment_id: R2_20190424
exposure_time: 10.0
flowrate: 42.94191709602636
oleylamine_bad_flow_detected: 0
oleylamine_flowrate: 43166.0
oleylamine_flowrate_ok: 1
oleylamine_fraction: 0.09127553590674903
oleylamine_setpoint: 42897.0
oleylamine_volume_limit_ok: 1
reaction_id: R2_20190424_5
sample_id: R2_20190424_5_1556278596
source_wavelength: 0.799898
time: 1556278596.830147
