ODE_bad_flow_detected: 0
ODE_extra_bad_flow_detected: 0
ODE_extra_flowrate: 114500.0
ODE_extra_flowrate_ok: 1
ODE_extra_fraction: 0.2875645183074772
ODE_extra_setpoint: 114788.0
ODE_extra_volume_limit_ok: 1
ODE_flowrate: -1666.0
ODE_flowrate_ok: 1
ODE_setpoint: 0.0
ODE_volume_limit_ok: 1
Pd_TOP_bad_flow_detected: 0
Pd_TOP_flowrate: 341834.0
Pd_TOP_flowrate_ok: 1
Pd_TOP_setpoint: 341436.0
Pd_TOP_volume_limit_ok: 1
TOP_bad_flow_detected: 0
TOP_flowrate: 11500.0
TOP_flowrate_ok: 1
TOP_fraction: 0.008988606627659925
TOP_setpoint: 10681.0
TOP_volume_limit_ok: 1
T_read_A: 267.6793
T_set: 267.7079545123329
experiment_id: R2_20190424
exposure_time: 10.0
flowrate: 57.51854898083073
oleylamine_bad_flow_detected: 0
oleylamine_flowrate: 8000.0
oleylamine_flowrate_ok: 1
oleylamine_fraction: 0.005748756911276792
oleylamine_setpoint: 7748.0
oleylamine_volume_limit_ok: 1
reaction_id: R2_20190424_3
sample_id: R2_20190424_3_1556271437
source_wavelength: 0.799898
time: 1556271437.997978
