ODE_bad_flow_detected: 0
ODE_extra_bad_flow_detected: 0
ODE_extra_flowrate: 191833.0
ODE_extra_flowrate_ok: 1
ODE_extra_fraction: 0.29375838471895743
ODE_extra_setpoint: 192311.0
ODE_extra_volume_limit_ok: 1
ODE_flowrate: 2166.0
ODE_flowrate_ok: 1
ODE_setpoint: 0.0
ODE_volume_limit_ok: 1
Pd_TOP_bad_flow_detected: 0
Pd_TOP_flowrate: 622834.0
Pd_TOP_flowrate_ok: 1
Pd_TOP_setpoint: 623471.0
Pd_TOP_volume_limit_ok: 1
TOP_bad_flow_detected: 0
TOP_flowrate: 5166.0
TOP_flowrate_ok: 1
TOP_fraction: 0.0013852663233393978
TOP_setpoint: 4947.0
TOP_volume_limit_ok: 1
T_read_A: 297.9882
T_set: 297.96528828424965
experiment_id: R4_20190417
exposure_time: 10.0
flowrate: 119.23818591436871
oleylamine_bad_flow_detected: 0
oleylamine_flowrate: 6333.0
oleylamine_flowrate_ok: 1
oleylamine_fraction: 0.0021165426548913234
oleylamine_setpoint: 6427.0
oleylamine_volume_limit_ok: 1
sample_id: R4_20190417_1555787305
source_wavelength: 0.799898
time: 1555787966.553133
