{ODE_extra_flowrate: 11.332037165237713, ODE_extra_fraction: 0.24251142701004147,
  ODE_extra_setpoint: 11.491384255823489, ODE_flowrate: -0.20172011505414003, ODE_setpoint: 0.0,
  Pd_TOP_flowrate: 33.446440198946405, Pd_TOP_setpoint: 34.33898014292429, TOP_flowrate: 1.1673355862890762,
  TOP_fraction: 0.02205419767571324, TOP_setpoint: 1.0450087977506728, T_read_A: 291.1195,
  T_set: 291.175006728421, experiment_id: RxnA_201902, exposure_time: 10.0, flowrate: 47.38527460631702,
  oleylamine_flowrate: 0.3462882793853142, oleylamine_fraction: 0.01075722262335081,
  oleylamine_setpoint: 0.5097061273759599, source_wavelength: 0.799898, time: 1549440718.158551}
