{ODE_extra_flowrate: 11.053842122253176, ODE_extra_fraction: 0.24251142701004147,
  ODE_extra_setpoint: 11.491384255823489, ODE_flowrate: -1.5221055462455222, ODE_setpoint: 0.0,
  Pd_TOP_flowrate: 32.33770821667668, Pd_TOP_setpoint: 34.33898014292429, TOP_flowrate: 0.8134510203465417,
  TOP_fraction: 0.02205419767571324, TOP_setpoint: 1.0450087977506728, T_read_A: 291.1656,
  T_set: 291.175006728421, experiment_id: RxnA_201902, exposure_time: 10.0, flowrate: 47.38527460631702,
  oleylamine_flowrate: 0.25653407922328, oleylamine_fraction: 0.01075722262335081,
  oleylamine_setpoint: 0.5097061273759599, source_wavelength: 0.799898, time: 1549440748.552037}
