{ODE_extra_flowrate: 10.686293446316306, ODE_extra_fraction: 0.26612043537284585,
  ODE_extra_setpoint: 10.649387363623266, ODE_flowrate: 0.20172011505414003, ODE_setpoint: 0.0,
  Pd_TOP_flowrate: 17.827583016666868, Pd_TOP_setpoint: 17.706668064369104, TOP_flowrate: 0.52796610092376,
  TOP_fraction: 0.012936984871558707, TOP_setpoint: 0.5176663240250743, T_read_A: 220.8159,
  T_set: 220.8184904335264, experiment_id: RxnA_201902, exposure_time: 10.0, flowrate: 40.01698074908447,
  oleylamine_flowrate: 11.099115600108705, oleylamine_fraction: 0.2784631320625853,
  oleylamine_setpoint: 11.143342419292537, source_wavelength: 0.799898, time: 1549438274.742919}
