features: {I_fluctuation: 1.2849939430630417, Ilowq_over_Imean: 7.5868611416046345,
  Imax_over_Imean: 12.467078449251288, Imax_sharpness: 1.0710183543894851, best_hump_qwidth: 0.003820974858762747,
  best_hump_qwidth_log: 0.016755860998713616, best_trough_qwidth: 0.0004344721428042779,
  best_trough_qwidth_log: 0.001090878176939747, logI_fluctuation: 6.285958027096663,
  logI_max_over_std: 2.6770733389115526, pearson_expq: -0.46910503123022224, pearson_invexpq: 0.5854820918360782,
  pearson_q: -0.5278868590820406, pearson_q2: -0.3969525446786107, q_Icentroid: 0.1246079785184394,
  q_best_hump: 0.05505958854259113, q_best_hump_log: 0.05535182843231051, q_best_trough: 0.0024484080668712993,
  q_best_trough_log: 0.000640608401037579, q_logIcentroid: 1.2217013436302127, r_fftIcentroid: 0.04541871334665215}
fit_report:
  error_weighted: 1
  good_fit: 0
  logI_weighted: 1
  q_range: [0.0, .inf]
noise:
  model: flat
  parameters:
    I0:
      bounds: [0.0, null]
      constraint_expr: null
      fixed: 0
      value: 0.001
sample_metadata: {data_file: flow_rxn_A_72_0001_dz_bgsub.dat, experiment_id: RxnA_201806,
  notes: '', sample_id: RxnA_201806_1529894922, source_wavelength: 0.799898, time: 1529894922.211655}
