features: {I_fluctuation: 0.9951793587979766, Ilowq_over_Imean: 8.02866781519264,
  Imax_over_Imean: 19.259616202969045, Imax_sharpness: 1.0666078656969902, best_hump_qwidth: 0.0013469227698591267,
  best_hump_qwidth_log: 0.006073306958809245, best_trough_qwidth: 0.0004676305122978452,
  best_trough_qwidth_log: 0.0013585215995524586, logI_fluctuation: 6.024470147863509,
  logI_max_over_std: 2.8756667937692217, pearson_expq: -0.42907988833186267, pearson_invexpq: 0.5420461627039495,
  pearson_q: -0.4857250635523162, pearson_q2: -0.3595245427976891, q_Icentroid: 0.11171883464709718,
  q_best_hump: 0.056380380313781175, q_best_hump_log: 0.05607810224802173, q_best_trough: -0.003087410370009369,
  q_best_trough_log: -0.006559314574525299, q_logIcentroid: 0.8653060517097726, r_fftIcentroid: 0.05078880476318227}
fit_report:
  error_weighted: 1
  good_fit: 0
  logI_weighted: 1
  q_range: [0.0, .inf]
noise:
  model: flat
  parameters:
    I0:
      bounds: [0.0, null]
      constraint_expr: null
      fixed: 0
      value: 0.001
sample_metadata: {data_file: flow_rxn_A_48_0001_dz_bgsub.dat, experiment_id: RxnA_201806,
  notes: '', sample_id: RxnA_201806_1529890068, source_wavelength: 0.799898, time: 1529890068.643158}
