features: {I_fluctuation: 0.6103376447093322, Ilowq_over_Imean: 8.301197620180844,
  Imax_over_Imean: 18.175499021501622, Imax_sharpness: 1.1682825851264698, best_hump_qwidth: 0.0025317809561172856,
  best_hump_qwidth_log: 0.014045893205389773, best_trough_qwidth: 0.00048261311955529807,
  best_trough_qwidth_log: 0.0014930076188488382, logI_fluctuation: 6.090973772190348,
  logI_max_over_std: 2.800936160699188, pearson_expq: -0.4232162498356403, pearson_invexpq: 0.5317743734193595,
  pearson_q: -0.4781977264803752, pearson_q2: -0.3564544805745913, q_Icentroid: 0.10350053816105262,
  q_best_hump: 0.038787581034034735, q_best_hump_log: 0.03746818818995268, q_best_trough: 0.001634657858093469,
  q_best_trough_log: -0.010139043853167995, q_logIcentroid: 1.1068780471624224, r_fftIcentroid: 0.038241743242729886}
fit_report:
  error_weighted: 1
  good_fit: 0
  logI_weighted: 1
  q_range: [0.0, .inf]
noise:
  model: flat
  parameters:
    I0:
      bounds: [0.0, null]
      constraint_expr: null
      fixed: 0
      value: 0.001
sample_metadata: {data_file: flow_rxn_A_34_0001_dz_bgsub.dat, experiment_id: RxnA_201806,
  notes: '', sample_id: RxnA_201806_1529883733, source_wavelength: 0.799898, time: 1529883733.875581}
