features: {I_fluctuation: 0.8338085009798771, Ilowq_over_Imean: 7.958991669963927,
  Imax_over_Imean: 21.125796323619124, Imax_sharpness: 1.041681133093982, best_hump_qwidth: 0.0012624950370445254,
  best_hump_qwidth_log: 0.005440638245737917, best_trough_qwidth: 0.0004489759729903331,
  best_trough_qwidth_log: 0.0013039686061597489, logI_fluctuation: 5.794597003824595,
  logI_max_over_std: 3.015740924142728, pearson_expq: -0.42313356124920426, pearson_invexpq: 0.5344291495952427,
  pearson_q: -0.4788712668216918, pearson_q2: -0.35454259188741516, q_Icentroid: 0.11478589610431604,
  q_best_hump: 0.05759898571358041, q_best_hump_log: 0.05717043106387115, q_best_trough: -0.0035953413678116997,
  q_best_trough_log: -0.006805020206144818, q_logIcentroid: 0.8781230665969071, r_fftIcentroid: 0.04935236827294881}
fit_report:
  error_weighted: 1
  good_fit: 0
  logI_weighted: 1
  q_range: [0.0, .inf]
noise:
  model: flat
  parameters:
    I0:
      bounds: [0.0, null]
      constraint_expr: null
      fixed: 0
      value: 0.001
sample_metadata: {data_file: flow_rxn_A_47_0001_dz_bgsub.dat, experiment_id: RxnA_201806,
  notes: '', sample_id: RxnA_201806_1529889607, source_wavelength: 0.799898, time: 1529889607.640244}
