features: {I_fluctuation: 1.1025980412546073, Ilowq_over_Imean: 7.1588910244568, Imax_over_Imean: 13.582763121935635,
  Imax_sharpness: 1.0163269654231673, best_hump_qwidth: 0.0009393208633254654, best_hump_qwidth_log: 0.003411295340858808,
  best_trough_qwidth: 0.00032504943869381527, best_trough_qwidth_log: 0.0007366743739941038,
  logI_fluctuation: 4.701434916424967, logI_max_over_std: 3.206893127331418, pearson_expq: -0.4527275857333849,
  pearson_invexpq: 0.559158390030024, pearson_q: -0.5065267316433931, pearson_q2: -0.3860455099369625,
  q_Icentroid: 0.14806831952456767, q_best_hump: 0.05732970548682137, q_best_hump_log: 0.057439563887906775,
  q_best_trough: 0.003178588763396273, q_best_trough_log: -0.0005179503721385315,
  q_logIcentroid: 63.632426369865364, r_fftIcentroid: 0.043849178146674446}
fit_report:
  error_weighted: 1
  good_fit: 0
  logI_weighted: 1
  q_range: [0.0, .inf]
noise:
  model: flat
  parameters:
    I0:
      bounds: [0.0, null]
      constraint_expr: null
      fixed: 0
      value: 0.001
sample_metadata: {data_file: flow_rxn_A_13_0001_dz_bgsub.dat, experiment_id: RxnA_201806,
  notes: '', sample_id: RxnA_201806_1529876858, source_wavelength: 0.799898, time: 1529876858.002191}
