features: {I_fluctuation: 0.7246445170551336, Ilowq_over_Imean: 7.897459376582547,
  Imax_over_Imean: 15.673427331351405, Imax_sharpness: 1.0473046996986926, best_hump_qwidth: 0.002208274279718435,
  best_hump_qwidth_log: 0.0108212919158853, best_trough_qwidth: 0.00036569764198132103,
  best_trough_qwidth_log: 0.0012047862923344342, logI_fluctuation: 4.7237996236611295,
  logI_max_over_std: 2.9996689638645067, pearson_expq: -0.44431786231539355, pearson_invexpq: 0.5603200180213629,
  pearson_q: -0.502551659004228, pearson_q2: -0.3728316965366572, q_Icentroid: 0.1131471073728816,
  q_best_hump: 0.06552363338754413, q_best_hump_log: 0.06571398175142884, q_best_trough: 0.0017696230678591052,
  q_best_trough_log: -0.004267788194779021, q_logIcentroid: 2.860657916972748, r_fftIcentroid: 0.043250946967838245}
fit_report:
  error_weighted: 1
  good_fit: 0
  logI_weighted: 1
  q_range: [0.0, .inf]
noise:
  model: flat
  parameters:
    I0:
      bounds: [0.0, null]
      constraint_expr: null
      fixed: 0
      value: 0.001
sample_metadata: {data_file: flow_rxn_A_73_0001_dz_bgsub.dat, experiment_id: RxnA_201806,
  notes: '', sample_id: RxnA_201806_1529895384, source_wavelength: 0.799898, time: 1529895384.601953}
