features: {I_fluctuation: 0.48828182635426415, Ilowq_over_Imean: 8.0922695280211,
  Imax_over_Imean: 22.135354375810227, Imax_sharpness: 1.0655108580528518, best_hump_qwidth: 0.0017446091346707989,
  best_hump_qwidth_log: 0.006633157467244276, best_trough_qwidth: 0.00037319254773683755,
  best_trough_qwidth_log: 0.0012134311844796968, logI_fluctuation: 5.103338922261202,
  logI_max_over_std: 3.240858073322918, pearson_expq: -0.4200316251247179, pearson_invexpq: 0.531416945904171,
  pearson_q: -0.47589752658984213, pearson_q2: -0.3515584133267902, q_Icentroid: 0.10621714353333353,
  q_best_hump: 0.059848320765605534, q_best_hump_log: 0.05948142812784141, q_best_trough: -0.0015863407403672314,
  q_best_trough_log: -0.0077433793261803, q_logIcentroid: 2.1315259967249154, r_fftIcentroid: 0.04593524448949618}
fit_report:
  error_weighted: 1
  good_fit: 0
  logI_weighted: 1
  q_range: [0.0, .inf]
noise:
  model: flat
  parameters:
    I0:
      bounds: [0.0, null]
      constraint_expr: null
      fixed: 0
      value: 0.001
sample_metadata: {data_file: flow_rxn_A_57_0001_dz_bgsub.dat, experiment_id: RxnA_201806,
  notes: '', sample_id: RxnA_201806_1529891829, source_wavelength: 0.799898, time: 1529891829.022209}
