features: {I_fluctuation: 1.1508085336795892, Ilowq_over_Imean: 7.575119969349603,
  Imax_over_Imean: 12.28854401398555, Imax_sharpness: 1.0926920671070663, best_hump_qwidth: 0.015486325940840099,
  best_hump_qwidth_log: 0.05816559717100425, best_trough_qwidth: 0.027654638796065497,
  best_trough_qwidth_log: 0.0010009576672300343, logI_fluctuation: 4.31987490881531,
  logI_max_over_std: 2.6610860620662162, pearson_expq: -0.467225906220126, pearson_invexpq: 0.5810018269770721,
  pearson_q: -0.5248593166029193, pearson_q2: -0.3965430552849813, q_Icentroid: 0.1283038905915004,
  q_best_hump: 0.1330012175878068, q_best_hump_log: 0.12160371037105389, q_best_trough: 0.7489999983018509,
  q_best_trough_log: 0.7476269915045504, q_logIcentroid: 1.4949402294321998, r_fftIcentroid: 0.0442724262153349}
fit_report:
  error_weighted: 1
  good_fit: 0
  logI_weighted: 1
  q_range: [0.0, .inf]
noise:
  model: flat
  parameters:
    I0:
      bounds: [0.0, null]
      constraint_expr: null
      fixed: 0
      value: 0.001
sample_metadata: {data_file: flow_rxn_A_78_0001_dz_bgsub.dat, experiment_id: RxnA_201806,
  notes: '', sample_id: RxnA_201806_1529897648, source_wavelength: 0.799898, time: 1529897648.819943}
