features: {I_fluctuation: 1.865541151885915, Ilowq_over_Imean: 7.587497753281991,
  Imax_over_Imean: 15.243911250272728, Imax_sharpness: 1.0427735913727523, best_hump_qwidth: 0.0011438443297948002,
  best_hump_qwidth_log: 0.004684979224130439, best_trough_qwidth: 0.0003247663065827107,
  best_trough_qwidth_log: 0.0006817491468943743, logI_fluctuation: 9.306384554619447,
  logI_max_over_std: 2.4892043312592995, pearson_expq: -0.4488434227355523, pearson_invexpq: 0.5588201588633044,
  pearson_q: -0.5043795342302302, pearson_q2: -0.3804894583959598, q_Icentroid: 0.1292171697387357,
  q_best_hump: 0.05521230531704541, q_best_hump_log: 0.0553873093027325, q_best_trough: 0.003346378129784,
  q_best_trough_log: 0.004697650912516227, q_logIcentroid: 0.6671994760121085, r_fftIcentroid: 0.052462608936369615}
fit_report:
  error_weighted: 1
  good_fit: 0
  logI_weighted: 1
  q_range: [0.0, .inf]
noise:
  model: flat
  parameters:
    I0:
      bounds: [0.0, null]
      constraint_expr: null
      fixed: 0
      value: 0.001
sample_metadata: {data_file: flow_rxn_A_19_0001_dz_bgsub.dat, experiment_id: RxnA_201806,
  notes: '', sample_id: RxnA_201806_1529878183, source_wavelength: 0.799898, time: 1529878183.047217}
