features: {I_fluctuation: 1.2207283328607423, Ilowq_over_Imean: 6.189230712632804,
  Imax_over_Imean: 11.871509787348929, Imax_sharpness: 1.0373746433020885, best_hump_qwidth: 0.0014699363056945736,
  best_hump_qwidth_log: 0.004949700707367078, best_trough_qwidth: 0.0003139925550463259,
  best_trough_qwidth_log: 0.000719729847570555, logI_fluctuation: 2.907455512267199,
  logI_max_over_std: 4.020741625124587, pearson_expq: -0.48339103831022945, pearson_invexpq: 0.583754314902001,
  pearson_q: -0.5342855109883161, pearson_q2: -0.41890615179327845, q_Icentroid: 0.1869301682920425,
  q_best_hump: 0.06137521821182679, q_best_hump_log: 0.06155175859125356, q_best_trough: 0.003193995438323327,
  q_best_trough_log: -0.003855032250713153, q_logIcentroid: 0.1845984510963535, r_fftIcentroid: 0.0443284257317023}
fit_report:
  error_weighted: 1
  good_fit: 0
  logI_weighted: 1
  q_range: [0.0, .inf]
noise:
  model: flat
  parameters:
    I0:
      bounds: [0.0, null]
      constraint_expr: null
      fixed: 0
      value: 0.001
sample_metadata: {data_file: flow_rxn_A_10_0001_dz_bgsub.dat, experiment_id: RxnA_201806,
  notes: '', sample_id: RxnA_201806_1529876117, source_wavelength: 0.799898, time: 1529876117.044369}
