features: {I_fluctuation: 1.827632947800843, Ilowq_over_Imean: 7.4160167211437376,
  Imax_over_Imean: 14.28687350953825, Imax_sharpness: 1.040934067242214, best_hump_qwidth: 0.0016238073312637188,
  best_hump_qwidth_log: 0.0068724668894272044, best_trough_qwidth: 0.0004047606783702007,
  best_trough_qwidth_log: 0.000850099771202549, logI_fluctuation: 8.634604951542068,
  logI_max_over_std: 2.4447480654796347, pearson_expq: -0.4640910033288604, pearson_invexpq: 0.5760233888715393,
  pearson_q: -0.5207474271277679, pearson_q2: -0.3944036138508338, q_Icentroid: 0.1312469447679555,
  q_best_hump: 0.05391846409291684, q_best_hump_log: 0.05418452703689597, q_best_trough: 0.001428040386637408,
  q_best_trough_log: 0.002079647800687312, q_logIcentroid: 0.6936265647260781, r_fftIcentroid: 0.05132891612795939}
fit_report:
  error_weighted: 1
  good_fit: 0
  logI_weighted: 1
  q_range: [0.0, .inf]
noise:
  model: flat
  parameters:
    I0:
      bounds: [0.0, null]
      constraint_expr: null
      fixed: 0
      value: 0.001
sample_metadata: {data_file: flow_rxn_A_20_0001_dz_bgsub.dat, experiment_id: RxnA_201806,
  notes: '', sample_id: RxnA_201806_1529878377, source_wavelength: 0.799898, time: 1529878377.246391}
