features: {I_fluctuation: 0.9202182534552703, Ilowq_over_Imean: 7.795512354850782,
  Imax_over_Imean: 13.749276675661847, Imax_sharpness: 1.0759351718489412, best_hump_qwidth: 0.0038599756268623093,
  best_hump_qwidth_log: 0.02056652593716973, best_trough_qwidth: 0.00048461364050924086,
  best_trough_qwidth_log: 0.0011028770350079028, logI_fluctuation: 5.557655750865814,
  logI_max_over_std: 2.747042943030456, pearson_expq: -0.45138930374788416, pearson_invexpq: 0.5643568144812391,
  pearson_q: -0.5085063740869835, pearson_q2: -0.3815096234554146, q_Icentroid: 0.11932192486452298,
  q_best_hump: 0.0837539449449245, q_best_hump_log: 0.0892107854878042, q_best_trough: 0.000590677474401613,
  q_best_trough_log: 4.8382684778691676e-05, q_logIcentroid: 1.276382020539164, r_fftIcentroid: 0.04497949665738136}
fit_report:
  error_weighted: 1
  good_fit: 0
  logI_weighted: 1
  q_range: [0.0, .inf]
noise:
  model: flat
  parameters:
    I0:
      bounds: [0.0, null]
      constraint_expr: null
      fixed: 0
      value: 0.001
sample_metadata: {data_file: flow_rxn_A_76_0001_dz_bgsub.dat, experiment_id: RxnA_201806,
  notes: '', sample_id: RxnA_201806_1529896734, source_wavelength: 0.799898, time: 1529896734.225329}
