features: {I_fluctuation: 2.0160098485765006, Ilowq_over_Imean: 7.4764266228685266,
  Imax_over_Imean: 14.939491382435413, Imax_sharpness: 1.0503569037159664, best_hump_qwidth: 0.0011577118579189946,
  best_hump_qwidth_log: 0.0047128900277531634, best_trough_qwidth: 0.0003373682381051969,
  best_trough_qwidth_log: 0.000783501415331726, logI_fluctuation: 7.607465233642032,
  logI_max_over_std: 2.512812243657315, pearson_expq: -0.451847684352358, pearson_invexpq: 0.5610167114518674,
  pearson_q: -0.5070742556376002, pearson_q2: -0.38388022485177814, q_Icentroid: 0.1321537757187175,
  q_best_hump: 0.054771311495208586, q_best_hump_log: 0.05517681675865571, q_best_trough: 0.0029534048790643697,
  q_best_trough_log: 0.0023873852528155104, q_logIcentroid: 0.6996887470760929, r_fftIcentroid: 0.054735040942008095}
fit_report:
  error_weighted: 1
  good_fit: 0
  logI_weighted: 1
  q_range: [0.0, .inf]
noise:
  model: flat
  parameters:
    I0:
      bounds: [0.0, null]
      constraint_expr: null
      fixed: 0
      value: 0.001
sample_metadata: {data_file: flow_rxn_A_18_0001_dz_bgsub.dat, experiment_id: RxnA_201806,
  notes: '', sample_id: RxnA_201806_1529877989, source_wavelength: 0.799898, time: 1529877989.441398}
