features: {I_fluctuation: 1.3725646916531695, Ilowq_over_Imean: 6.777655022967001,
  Imax_over_Imean: 14.68741239642094, Imax_sharpness: 1.112817456331097, best_hump_qwidth: 0.026407336238869015,
  best_hump_qwidth_log: 0.0008934288734278853, best_trough_qwidth: 0.022789935746359524,
  best_trough_qwidth_log: 0.001409119163066558, logI_fluctuation: 1.8015349537492056,
  logI_max_over_std: 1.842921555215193, pearson_expq: -0.4662724908414168, pearson_invexpq: 0.566911442479548,
  pearson_q: -0.5177475422643931, pearson_q2: -0.40251798998451743, q_Icentroid: 0.16052240313043303,
  q_best_hump: 0.7435786836292535, q_best_hump_log: 0.7447622805234215, q_best_trough: 0.7462609095608888,
  q_best_trough_log: 0.7338918038583928, q_logIcentroid: 1.0694388666691779, r_fftIcentroid: 0.04745057274817634}
fit_report:
  error_weighted: 1
  good_fit: 0
  logI_weighted: 1
  q_range: [0.0, .inf]
noise:
  model: flat
  parameters:
    I0:
      bounds: [0.0, null]
      constraint_expr: null
      fixed: 0
      value: 0.001
sample_metadata: {data_file: flow_rxn_A_67_0001_dz_bgsub.dat, experiment_id: RxnA_201806,
  notes: '', sample_id: RxnA_201806_1529893882, source_wavelength: 0.799898, time: 1529893882.426217}
