features: {I_fluctuation: 0.9068267429170048, Ilowq_over_Imean: 7.806780153184886,
  Imax_over_Imean: 20.275351102260164, Imax_sharpness: 1.046450718576718, best_hump_qwidth: 0.0012287163282804034,
  best_hump_qwidth_log: 0.005150091796839033, best_trough_qwidth: 0.00036995588860537596,
  best_trough_qwidth_log: 0.0012382531744575904, logI_fluctuation: 6.457822297629753,
  logI_max_over_std: 2.9286040201506176, pearson_expq: -0.42659179850044365, pearson_invexpq: 0.5370775647771606,
  pearson_q: -0.48200780098382934, pearson_q2: -0.35836801894348763, q_Icentroid: 0.1185765374760825,
  q_best_hump: 0.058162001798153784, q_best_hump_log: 0.05773053380605969, q_best_trough: -0.0009911778142931427,
  q_best_trough_log: -0.007092986680456992, q_logIcentroid: 0.837793933157511, r_fftIcentroid: 0.04965617216003165}
fit_report:
  error_weighted: 1
  good_fit: 0
  logI_weighted: 1
  q_range: [0.0, .inf]
noise:
  model: flat
  parameters:
    I0:
      bounds: [0.0, null]
      constraint_expr: null
      fixed: 0
      value: 0.001
sample_metadata: {data_file: flow_rxn_A_45_0001_dz_bgsub.dat, experiment_id: RxnA_201806,
  notes: '', sample_id: RxnA_201806_1529888683, source_wavelength: 0.799898, time: 1529888683.055511}
