features: {I_fluctuation: 0.6790932446793397, Ilowq_over_Imean: 8.794997419028501,
  Imax_over_Imean: 17.7805118355385, Imax_sharpness: 1.0169385991323667, best_hump_qwidth: 0.0026687739259622072,
  best_hump_qwidth_log: 0.01950883063137796, best_trough_qwidth: 0.0002892020096029711,
  best_trough_qwidth_log: 0.0009758573166745977, logI_fluctuation: 8.423297810324563,
  logI_max_over_std: 2.535465312673638, pearson_expq: -0.41470566275454535, pearson_invexpq: 0.5309884028839857,
  pearson_q: -0.4729081606072184, pearson_q2: -0.3438518680792344, q_Icentroid: 0.07993550362488173,
  q_best_hump: 0.07337104832182761, q_best_hump_log: 0.07752116488176214, q_best_trough: 0.004022557521730641,
  q_best_trough_log: -0.0008249613481486895, q_logIcentroid: 0.8424412959975011, r_fftIcentroid: 0.04054305449963241}
fit_report:
  error_weighted: 1
  good_fit: 0
  logI_weighted: 1
  q_range: [0.0, .inf]
noise:
  model: flat
  parameters:
    I0:
      bounds: [0.0, null]
      constraint_expr: null
      fixed: 0
      value: 0.001
sample_metadata: {data_file: flow_rxn_A_23_0001_dz_bgsub.dat, experiment_id: RxnA_201806,
  notes: '', sample_id: RxnA_201806_1529878955, source_wavelength: 0.799898, time: 1529878955.240556}
