features: {I_fluctuation: 0.9625746328363971, Ilowq_over_Imean: 7.739584603878611,
  Imax_over_Imean: 15.77271946638754, Imax_sharpness: 1.0281942731664426, best_hump_qwidth: 0.0030449822203788093,
  best_hump_qwidth_log: 0.011661986909525454, best_trough_qwidth: 0.0005344198280629852,
  best_trough_qwidth_log: 0.001272816751137232, logI_fluctuation: 6.412121606024591,
  logI_max_over_std: 2.759410129952045, pearson_expq: -0.44818593784183275, pearson_invexpq: 0.5591317074629536,
  pearson_q: -0.5043358303818145, pearson_q2: -0.3794603033488228, q_Icentroid: 0.12046729122748856,
  q_best_hump: 0.04106261828694463, q_best_hump_log: 0.04298656001027451, q_best_trough: -0.002724569506297847,
  q_best_trough_log: -0.0041116075109469685, q_logIcentroid: 0.9715862081610628, r_fftIcentroid: 0.04757903160541906}
fit_report:
  error_weighted: 1
  good_fit: 0
  logI_weighted: 1
  q_range: [0.0, .inf]
noise:
  model: flat
  parameters:
    I0:
      bounds: [0.0, null]
      constraint_expr: null
      fixed: 0
      value: 0.001
sample_metadata: {data_file: flow_rxn_A_59_0001_dz_bgsub.dat, experiment_id: RxnA_201806,
  notes: '', sample_id: RxnA_201806_1529892214, source_wavelength: 0.799898, time: 1529892214.427751}
