features: {I_fluctuation: 1.1813674940697152, Ilowq_over_Imean: 7.24102726751001,
  Imax_over_Imean: 15.290903544946365, Imax_sharpness: 1.0385966278090688, best_hump_qwidth: 0.002741407825162907,
  best_hump_qwidth_log: 0.009042380217682161, best_trough_qwidth: 0.006297175388567456,
  best_trough_qwidth_log: 0.004988662205504487, logI_fluctuation: 5.757603029384803,
  logI_max_over_std: 3.060454459799085, pearson_expq: -0.46089155189863307, pearson_invexpq: 0.569556888155485,
  pearson_q: -0.5159464688042447, pearson_q2: -0.3929533041045109, q_Icentroid: 0.1412390901448279,
  q_best_hump: 0.04449540668191743, q_best_hump_log: 0.046707762136558584, q_best_trough: 0.13915533392400314,
  q_best_trough_log: 0.14264494498436586, q_logIcentroid: 1.6202065673048647, r_fftIcentroid: 0.05116501133584642}
fit_report:
  error_weighted: 1
  good_fit: 0
  logI_weighted: 1
  q_range: [0.0, .inf]
noise:
  model: flat
  parameters:
    I0:
      bounds: [0.0, null]
      constraint_expr: null
      fixed: 0
      value: 0.001
sample_metadata: {data_file: flow_rxn_A_62_0001_dz_bgsub.dat, experiment_id: RxnA_201806,
  notes: '', sample_id: RxnA_201806_1529892849, source_wavelength: 0.799898, time: 1529892849.194405}
