features: {I_fluctuation: 1.3122699787763417, Ilowq_over_Imean: 7.0261719599965105,
  Imax_over_Imean: 11.759961561286511, Imax_sharpness: 1.0918402231194262, best_hump_qwidth: 0.006456818592192042,
  best_hump_qwidth_log: 0.024274055442768103, best_trough_qwidth: 0.00046165335205263663,
  best_trough_qwidth_log: 0.0010095543840688474, logI_fluctuation: 5.01594211922389,
  logI_max_over_std: 2.9255567753175886, pearson_expq: -0.483869852598968, pearson_invexpq: 0.5956603460978762,
  pearson_q: -0.5406140118474337, pearson_q2: -0.4137565870605585, q_Icentroid: 0.1470092621385445,
  q_best_hump: 0.08217492671157361, q_best_hump_log: 0.07975845818172933, q_best_trough: 0.0026995939877136332,
  q_best_trough_log: 0.0008425938636332786, q_logIcentroid: 5.51342700693603, r_fftIcentroid: 0.042493013752812045}
fit_report:
  error_weighted: 1
  good_fit: 0
  logI_weighted: 1
  q_range: [0.0, .inf]
noise:
  model: flat
  parameters:
    I0:
      bounds: [0.0, null]
      constraint_expr: null
      fixed: 0
      value: 0.001
sample_metadata: {data_file: flow_rxn_A_71_0001_dz_bgsub.dat, experiment_id: RxnA_201806,
  notes: '', sample_id: RxnA_201806_1529894711, source_wavelength: 0.799898, time: 1529894711.808648}
