features: {I_fluctuation: 1.5069812624784935, Ilowq_over_Imean: 7.345842827156567,
  Imax_over_Imean: 12.54094329357379, Imax_sharpness: 1.042061157219553, best_hump_qwidth: 0.02022310254941143,
  best_hump_qwidth_log: 0.0007752909453680265, best_trough_qwidth: 0.018600818080291914,
  best_trough_qwidth_log: 0.0007331457282497535, logI_fluctuation: 4.8675801592907995,
  logI_max_over_std: 2.715018537747677, pearson_expq: -0.47180231439640047, pearson_invexpq: 0.5846044819116217,
  pearson_q: -0.5288493589983883, pearson_q2: -0.40139785537412803, q_Icentroid: 0.1382894210370097,
  q_best_hump: 0.7517116725697495, q_best_hump_log: 0.7509681712362342, q_best_trough: 0.7526927752999353,
  q_best_trough_log: 0.7516654765819808, q_logIcentroid: 1.247051229055142, r_fftIcentroid: 0.04803341913838394}
fit_report:
  error_weighted: 1
  good_fit: 0
  logI_weighted: 1
  q_range: [0.0, .inf]
noise:
  model: flat
  parameters:
    I0:
      bounds: [0.0, null]
      constraint_expr: null
      fixed: 0
      value: 0.001
sample_metadata: {data_file: flow_rxn_A_83_0001_dz_bgsub.dat, experiment_id: RxnA_201806,
  notes: '', sample_id: RxnA_201806_1529899908, source_wavelength: 0.799898, time: 1529899908.995516}
