features: {I_fluctuation: 2.6199713847976223, Ilowq_over_Imean: 6.422154687581321,
  Imax_over_Imean: 11.461840599322992, Imax_sharpness: 1.0260660707971057, best_hump_qwidth: 0.0474061118918233,
  best_hump_qwidth_log: 0.0010610834738501982, best_trough_qwidth: 0.07142990417856318,
  best_trough_qwidth_log: 0.0013006166028464703, logI_fluctuation: 5.22583260334803,
  logI_max_over_std: 2.5025898274902056, pearson_expq: -0.5074791959204717, pearson_invexpq: 0.617016685768775,
  pearson_q: -0.5629013818761824, pearson_q2: -0.4376413680998274, q_Icentroid: 0.17304842878104368,
  q_best_hump: 0.7204449683323095, q_best_hump_log: 0.7433859773088076, q_best_trough: 0.698789824186401,
  q_best_trough_log: 0.7388123433542343, q_logIcentroid: 0.7595859468500592, r_fftIcentroid: 0.056808882570107654}
fit_report:
  error_weighted: 1
  good_fit: 0
  logI_weighted: 1
  q_range: [0.0, .inf]
noise:
  model: flat
  parameters:
    I0:
      bounds: [0.0, null]
      constraint_expr: null
      fixed: 0
      value: 0.001
sample_metadata: {data_file: flow_rxn_A_85_0001_dz_bgsub.dat, experiment_id: RxnA_201806,
  notes: '', sample_id: RxnA_201806_1529900808, source_wavelength: 0.799898, time: 1529900808.178916}
