features: {I_fluctuation: 0.5767141032585148, Ilowq_over_Imean: 8.205470485410832,
  Imax_over_Imean: 19.25136287070805, Imax_sharpness: 1.1660486331999356, best_hump_qwidth: 0.004278416585501942,
  best_hump_qwidth_log: 0.01634991694083841, best_trough_qwidth: 0.0005787895728754067,
  best_trough_qwidth_log: 0.000987782742604477, logI_fluctuation: 4.823464858897782,
  logI_max_over_std: 2.846441539407034, pearson_expq: -0.41662548418501366, pearson_invexpq: 0.5211064752358318,
  pearson_q: -0.46973417286167973, pearson_q2: -0.3522319804672876, q_Icentroid: 0.1077330645026589,
  q_best_hump: 0.10405623816948018, q_best_hump_log: 0.09448325273184993, q_best_trough: 0.0020523583116780486,
  q_best_trough_log: -0.0005078434961581779, q_logIcentroid: 1.1614048483198716, r_fftIcentroid: 0.036098083899757764}
fit_report:
  error_weighted: 1
  good_fit: 0
  logI_weighted: 1
  q_range: [0.0, .inf]
noise:
  model: flat
  parameters:
    I0:
      bounds: [0.0, null]
      constraint_expr: null
      fixed: 0
      value: 0.001
sample_metadata: {data_file: flow_rxn_A_33_0001_dz_bgsub.dat, experiment_id: RxnA_201806,
  notes: '', sample_id: RxnA_201806_1529883281, source_wavelength: 0.799898, time: 1529883281.906152}
