features: {I_fluctuation: 0.8379948778748845, Ilowq_over_Imean: 8.628853479868589,
  Imax_over_Imean: 17.99137368322003, Imax_sharpness: 1.0335475165773436, best_hump_qwidth: 0.0032253254905860317,
  best_hump_qwidth_log: 0.024456126582590068, best_trough_qwidth: 0.00030060336874636274,
  best_trough_qwidth_log: 0.0009743862640561166, logI_fluctuation: 10.127339637972549,
  logI_max_over_std: 2.4584687453599603, pearson_expq: -0.42083167402710164, pearson_invexpq: 0.5377168627710462,
  pearson_q: -0.47937536424309235, pearson_q2: -0.3495210500801591, q_Icentroid: 0.08380467713289319,
  q_best_hump: 0.07772652837209504, q_best_hump_log: 0.08535829194664674, q_best_trough: 0.0034576699706915237,
  q_best_trough_log: -0.0008265962936574445, q_logIcentroid: 0.7576071309441919, r_fftIcentroid: 0.041551062433580074}
fit_report:
  error_weighted: 1
  good_fit: 0
  logI_weighted: 1
  q_range: [0.0, .inf]
noise:
  model: flat
  parameters:
    I0:
      bounds: [0.0, null]
      constraint_expr: null
      fixed: 0
      value: 0.001
sample_metadata: {data_file: flow_rxn_A_22_0001_dz_bgsub.dat, experiment_id: RxnA_201806,
  notes: '', sample_id: RxnA_201806_1529878763, source_wavelength: 0.799898, time: 1529878763.239578}
