features: {I_fluctuation: 0.25058161181624133, Ilowq_over_Imean: 8.52076879719119,
  Imax_over_Imean: 30.91661001853981, Imax_sharpness: 1.0405459578108365, best_hump_qwidth: 0.0012637310376057973,
  best_hump_qwidth_log: 0.006198029504501203, best_trough_qwidth: 0.00038980841495485005,
  best_trough_qwidth_log: 0.001263550726091934, logI_fluctuation: 4.881452793564413,
  logI_max_over_std: 3.4677607590201607, pearson_expq: -0.36869706539708186, pearson_invexpq: 0.47387863930434804,
  pearson_q: -0.42100572384821294, pearson_q2: -0.3045503865898999, q_Icentroid: 0.0866898045128837,
  q_best_hump: 0.06415015959137893, q_best_hump_log: 0.06495901775621571, q_best_trough: -0.004955056088116083,
  q_best_trough_log: -0.010136309787299846, q_logIcentroid: 2.340718827032242, r_fftIcentroid: 0.051491590261097564}
fit_report:
  error_weighted: 1
  good_fit: 0
  logI_weighted: 1
  q_range: [0.0, .inf]
noise:
  model: flat
  parameters:
    I0:
      bounds: [0.0, null]
      constraint_expr: null
      fixed: 0
      value: 0.001
sample_metadata: {data_file: flow_rxn_A_51_0001_dz_bgsub.dat, experiment_id: RxnA_201806,
  notes: '', sample_id: RxnA_201806_1529890682, source_wavelength: 0.799898, time: 1529890682.12446}
