features: {I_fluctuation: 33.95389828239311, Ilowq_over_Imean: 1.0580324506019956,
  Imax_over_Imean: 2.148218873254729, Imax_sharpness: 1.639489335782717, best_hump_qwidth: 0.0013995060220214188,
  best_hump_qwidth_log: 0.0009252227138404741, best_trough_qwidth: 0.008578134462734638,
  best_trough_qwidth_log: 0.004383088482805022, logI_fluctuation: 34.45287436036782,
  logI_max_over_std: -3.0057795988272122, pearson_expq: -0.06691022732031114, pearson_invexpq: 0.07429680196481053,
  pearson_q: -0.07064040279332837, pearson_q2: -0.057062253843052566, q_Icentroid: 0.30706435239717716,
  q_best_hump: 0.1821677303715718, q_best_hump_log: 0.18052713374441792, q_best_trough: 0.11775226297017688,
  q_best_trough_log: 0.10131163782193522, q_logIcentroid: 0.30932369776618013, r_fftIcentroid: 0.21237894470685578}
fit_report:
  converged: 1
  error_weighted: 1
  final_objective: 0.06215920539144739
  fit_snr: 3.999167069665235
  good_fit: 1
  initial_objective: 28.61457129589554
  logI_weighted: 1
  q_range: [0.0, .inf]
noise:
  model: flat
  parameters:
    I0:
      bounds: [0.0, .inf]
      constraint_expr: null
      fixed: 0
      value: 0.2092212359139185
sample_metadata: {data_file: flow_rxn_C_5_dz_bgsub.dat, experiment_id: RxnC_201806,
  notes: '', sample_id: RxnC_201806_1530048600, source_wavelength: 0.799898, time: 1530048600.25259}
