features: {I_fluctuation: 37.766282343423164, Ilowq_over_Imean: 0.9405311451917002,
  Imax_over_Imean: 2.005527960190806, Imax_sharpness: 1.9220935525293574, best_hump_qwidth: 0.0073992689508535995,
  best_hump_qwidth_log: 0.0020957122218825653, best_trough_qwidth: 0.0009240200591006456,
  best_trough_qwidth_log: 0.0006605364574949788, logI_fluctuation: 17.298605008022733,
  logI_max_over_std: -2.6865373931959318, pearson_expq: 0.09093695928015222, pearson_invexpq: -0.0819434046394712,
  pearson_q: 0.08635264542842519, pearson_q2: 0.09808031758687677, q_Icentroid: 0.3138146740395907,
  q_best_hump: 0.023729038162806804, q_best_hump_log: 0.04057789004736584, q_best_trough: 0.05060186388772353,
  q_best_trough_log: 0.05190213778390984, q_logIcentroid: 0.3045876865361966, r_fftIcentroid: 0.21420878096937906}
fit_report:
  converged: 1
  error_weighted: 1
  final_objective: 0.06396176641231904
  fit_snr: 3.9174960106376857
  good_fit: 1
  initial_objective: 28.76976351339527
  logI_weighted: 1
  q_range: [0.0, .inf]
noise:
  model: flat
  parameters:
    I0:
      bounds: [0.0, .inf]
      constraint_expr: null
      fixed: 0
      value: 0.21225528137702576
sample_metadata: {data_file: flow_rxn_C_4_dz_bgsub.dat, experiment_id: RxnC_201806,
  notes: '', sample_id: RxnC_201806_1530048497, source_wavelength: 0.799898, time: 1530048497.307941}
