ODE_bad_flow_detected: 0
ODE_extra_bad_flow_detected: 0
ODE_extra_flowrate: 124666.0
ODE_extra_flowrate_ok: 1
ODE_extra_fraction: 0.29770242738636954
ODE_extra_setpoint: 124325.0
ODE_extra_volume_limit_ok: 1
ODE_flowrate: -1000.0
ODE_flowrate_ok: 1
ODE_setpoint: 0.0
ODE_volume_limit_ok: 1
Pd_TOP_bad_flow_detected: 0
Pd_TOP_flowrate: 331000.0
Pd_TOP_flowrate_ok: 1
Pd_TOP_setpoint: 330354.0
Pd_TOP_volume_limit_ok: 1
TOP_bad_flow_detected: 0
TOP_flowrate: 48000.0
TOP_flowrate_ok: 1
TOP_fraction: 0.07714023061787298
TOP_setpoint: 48101.0
TOP_volume_limit_ok: 1
T_read_A: 293.8027
T_set: 293.78752000323203
experiment_id: R5_20190417
exposure_time: 10.0
flowrate: 62.396944900552405
oleylamine_bad_flow_detected: 0
oleylamine_flowrate: 9500.0
oleylamine_flowrate_ok: 1
oleylamine_fraction: 0.007438638492230035
oleylamine_setpoint: 9798.0
oleylamine_volume_limit_ok: 1
sample_id: R5_20190417_1555882718
source_wavelength: 0.799898
time: 1555883838.602732
