ODE_bad_flow_detected: 0
ODE_extra_bad_flow_detected: 0
ODE_extra_flowrate: 62000.0
ODE_extra_flowrate_ok: 1
ODE_extra_fraction: 0.29788693998299975
ODE_extra_setpoint: 61885.0
ODE_extra_volume_limit_ok: 1
ODE_flowrate: -500.0
ODE_flowrate_ok: 1
ODE_setpoint: 0.0
ODE_volume_limit_ok: 1
Pd_TOP_bad_flow_detected: 0
Pd_TOP_flowrate: 153333.0
Pd_TOP_flowrate_ok: 1
Pd_TOP_setpoint: 151662.0
Pd_TOP_volume_limit_ok: 1
TOP_bad_flow_detected: 0
TOP_flowrate: 2166.0
TOP_flowrate_ok: 1
TOP_fraction: 0.0017085212108696145
TOP_setpoint: 1857.0
TOP_volume_limit_ok: 1
T_read_A: 250.6306
T_set: 250.64318226834095
experiment_id: R0_20190424
exposure_time: 10.0
flowrate: 22.613160323713448
oleylamine_bad_flow_detected: 0
oleylamine_flowrate: 16833.0
oleylamine_flowrate_ok: 1
oleylamine_fraction: 0.042435273982297156
oleylamine_setpoint: 16198.0
oleylamine_volume_limit_ok: 1
reaction_id: R0_20190424_7
sample_id: R0_20190424_7_1556179937
source_wavelength: 0.799898
time: 1556179937.709771
