ODE_bad_flow_detected: 0
ODE_extra_bad_flow_detected: 0
ODE_extra_flowrate: 3833.0
ODE_extra_flowrate_ok: 1
ODE_extra_fraction: 0.0012496140550981426
ODE_extra_setpoint: 3517.0
ODE_extra_volume_limit_ok: 1
ODE_flowrate: -500.0
ODE_flowrate_ok: 1
ODE_setpoint: 0.0
ODE_volume_limit_ok: 1
Pd_TOP_bad_flow_detected: 0
Pd_TOP_flowrate: 554501.0
Pd_TOP_flowrate_ok: 1
Pd_TOP_setpoint: 556463.0
Pd_TOP_volume_limit_ok: 1
TOP_bad_flow_detected: 0
TOP_flowrate: 2333.0
TOP_flowrate_ok: 1
TOP_fraction: 0.0006175588114806403
TOP_setpoint: 2253.0
TOP_volume_limit_ok: 1
T_read_A: 229.9655
T_set: 229.9631574122957
experiment_id: R0_20190424
exposure_time: 10.0
flowrate: 83.33586407240112
oleylamine_bad_flow_detected: 0
oleylamine_flowrate: 83666.0
oleylamine_flowrate_ok: 1
oleylamine_fraction: 0.12314321899555664
oleylamine_setpoint: 83510.0
oleylamine_volume_limit_ok: 1
reaction_id: R0_20190424_0
sample_id: R0_20190424_0_1556152439
source_wavelength: 0.799898
time: 1556152439.033629
