ODE_bad_flow_detected: 0
ODE_extra_bad_flow_detected: 0
ODE_extra_flowrate: 60166.0
ODE_extra_flowrate_ok: 1
ODE_extra_fraction: 0.2994503265895399
ODE_extra_setpoint: 59996.0
ODE_extra_volume_limit_ok: 1
ODE_flowrate: 3333.0
ODE_flowrate_ok: 1
ODE_setpoint: 0.0
ODE_volume_limit_ok: 1
Pd_TOP_bad_flow_detected: 0
Pd_TOP_flowrate: 147000.0
Pd_TOP_flowrate_ok: 1
Pd_TOP_setpoint: 144980.0
Pd_TOP_volume_limit_ok: 1
TOP_bad_flow_detected: 0
TOP_flowrate: 2000.0
TOP_flowrate_ok: 1
TOP_fraction: 0.0020746623566884927
TOP_setpoint: 2046.0
TOP_volume_limit_ok: 1
T_read_A: 248.6149
T_set: 248.61428965707034
experiment_id: R0_20190424
exposure_time: 10.0
flowrate: 21.503458055644323
oleylamine_bad_flow_detected: 0
oleylamine_flowrate: 15666.0
oleylamine_flowrate_ok: 1
oleylamine_fraction: 0.043636403327821136
oleylamine_setpoint: 15948.0
oleylamine_volume_limit_ok: 1
reaction_id: R0_20190424_5
sample_id: R0_20190424_5_1556168663
source_wavelength: 0.799898
time: 1556168663.582077
