ODE_bad_flow_detected: 0
ODE_extra_bad_flow_detected: 0
ODE_extra_flowrate: 66500.0
ODE_extra_flowrate_ok: 1
ODE_extra_fraction: 0.2975572850372724
ODE_extra_setpoint: 66490.0
ODE_extra_volume_limit_ok: 1
ODE_flowrate: 4000.0
ODE_flowrate_ok: 1
ODE_setpoint: 0.0
ODE_volume_limit_ok: 1
Pd_TOP_bad_flow_detected: 0
Pd_TOP_flowrate: 166000.0
Pd_TOP_flowrate_ok: 1
Pd_TOP_setpoint: 165200.0
Pd_TOP_volume_limit_ok: 1
TOP_bad_flow_detected: 0
TOP_flowrate: 2333.0
TOP_flowrate_ok: 1
TOP_fraction: 0.001805825545851837
TOP_setpoint: 2070.0
TOP_volume_limit_ok: 1
T_read_A: 249.8566
T_set: 249.8610953968539
experiment_id: R0_20190424
exposure_time: 10.0
flowrate: 25.12855873475476
oleylamine_bad_flow_detected: 0
oleylamine_flowrate: 17833.0
oleylamine_flowrate_ok: 1
oleylamine_fraction: 0.04327774548945345
oleylamine_setpoint: 17663.0
oleylamine_volume_limit_ok: 1
reaction_id: R0_20190424_8
sample_id: R0_20190424_8_1556184889
source_wavelength: 0.799898
time: 1556184889.290762
