features: {I_fluctuation: 0.517432553208176, Ilowq_over_Imean: 0.31053999135326904,
  Imax_over_Imean: 2.895541987956285, Imax_sharpness: 1.7121282520515853, best_hump_qwidth: 0.048836429329352074,
  best_hump_qwidth_log: 0.010984858913157302, best_trough_qwidth: 0.048644708744023345,
  best_trough_qwidth_log: 0.010982014996876349, logI_fluctuation: 0.4493556981880779,
  logI_max_over_std: 13.64403155113519, pearson_expq: -0.010482824187450212, pearson_invexpq: -0.4929436782364391,
  pearson_q: 0.18683678066012413, pearson_q2: 0.08754348373876877, q_Icentroid: 3.3681330688653164,
  q_best_hump: 0.7244995483539256, q_best_hump_log: 0.7379842441785387, q_best_trough: 0.7241965606135512,
  q_best_trough_log: 0.7379607718243189, q_logIcentroid: 3.3108239166612052, r_fftIcentroid: 0.07918848857889038}
fit_report:
  error_weighted: 1
  good_fit: 0
  logI_weighted: 1
  q_range: [0.0, .inf]
noise:
  model: flat
  parameters:
    I0:
      bounds: [0.0, null]
      constraint_expr: null
      fixed: 0
      value: 0.001
sample_metadata: {data_file: FACs30_2deg_heat_0002_tif_A270.dat, experiment_id: FACs_30,
  notes: '', sample_id: FACs_30_61, source_wavelength: 0.9744, time: 0.0}
