features: {I_fluctuation: 0.4950073380221827, Ilowq_over_Imean: 0.31573211520997624,
  Imax_over_Imean: 3.0100727756280516, Imax_sharpness: 1.7758687200832555, best_hump_qwidth: 0.04354605374860341,
  best_hump_qwidth_log: 0.010197961016763128, best_trough_qwidth: 0.04354605374860341,
  best_trough_qwidth_log: 0.010197961016763128, logI_fluctuation: 0.44825419869926214,
  logI_max_over_std: 13.847881248684347, pearson_expq: -0.016299997551627733, pearson_invexpq: -0.4834434909640817,
  pearson_q: 0.17785967142374629, pearson_q2: 0.07952124717667243, q_Icentroid: 3.3632040009322006,
  q_best_hump: 0.7190873908440758, q_best_hump_log: 0.7330759665383084, q_best_trough: 0.7190873908440758,
  q_best_trough_log: 0.7330759665383084, q_logIcentroid: 3.3095436690924243, r_fftIcentroid: 0.08086844024069789}
fit_report:
  error_weighted: 1
  good_fit: 0
  logI_weighted: 1
  q_range: [0.0, .inf]
noise:
  model: flat
  parameters:
    I0:
      bounds: [0.0, null]
      constraint_expr: null
      fixed: 0
      value: 0.001
sample_metadata: {data_file: FACs30_2deg_heat_0029_tif_A270.dat, experiment_id: FACs_30,
  notes: '', sample_id: FACs_30_73, source_wavelength: 0.9744, time: 0.0}
