features: {I_fluctuation: 0.6041969102297665, Ilowq_over_Imean: 0.331742050003112,
  Imax_over_Imean: 3.2979202087938995, Imax_sharpness: 2.0120197925685313, best_hump_qwidth: 0.05717005391385151,
  best_hump_qwidth_log: 0.012711258423648284, best_trough_qwidth: 0.3953102263325036,
  best_trough_qwidth_log: 0.17634353476982195, logI_fluctuation: 0.41063556828168823,
  logI_max_over_std: 13.846263676981835, pearson_expq: -0.028446118454509096, pearson_invexpq: -0.454679915806522,
  pearson_q: 0.15447608226601653, pearson_q2: 0.06016441639760022, q_Icentroid: 3.354284194230687,
  q_best_hump: 0.727719516621304, q_best_hump_log: 0.7417830758514379, q_best_trough: 0.4075962784446836,
  q_best_trough_log: 1.483837043954715, q_logIcentroid: 3.30940742297149, r_fftIcentroid: 0.07312205439557012}
fit_report:
  error_weighted: 1
  good_fit: 0
  logI_weighted: 1
  q_range: [0.0, .inf]
noise:
  model: flat
  parameters:
    I0:
      bounds: [0.0, null]
      constraint_expr: null
      fixed: 0
      value: 0.001
sample_metadata: {data_file: FACs30_2deg_heat_0059_tif_A270.dat, experiment_id: FACs_30,
  notes: '', sample_id: FACs_30_108, source_wavelength: 0.9744, time: 0.0}
