features: {I_fluctuation: 0.6597027297595432, Ilowq_over_Imean: 0.3361281461516501,
  Imax_over_Imean: 3.7487747129175966, Imax_sharpness: 2.3022744817429723, best_hump_qwidth: 0.4724055189500425,
  best_hump_qwidth_log: 0.053035731682711654, best_trough_qwidth: 0.1030545841761884,
  best_trough_qwidth_log: 0.06953555647655121, logI_fluctuation: 0.46659399736069496,
  logI_max_over_std: 13.958649663578324, pearson_expq: -0.03004664466159304, pearson_invexpq: -0.4398844236200612,
  pearson_q: 0.14726284196241346, pearson_q2: 0.05566067390429907, q_Icentroid: 3.3523132637866087,
  q_best_hump: 1.1562578880688834, q_best_hump_log: 0.9878585598995762, q_best_trough: 0.6480341090904278,
  q_best_trough_log: 0.438951532959591, q_logIcentroid: 3.309889735231288, r_fftIcentroid: 0.07527849202102135}
fit_report:
  error_weighted: 1
  good_fit: 0
  logI_weighted: 1
  q_range: [0.0, .inf]
noise:
  model: flat
  parameters:
    I0:
      bounds: [0.0, null]
      constraint_expr: null
      fixed: 0
      value: 0.001
sample_metadata: {data_file: FACs30_2deg_heat_0075_tif_A270.dat, experiment_id: FACs_30,
  notes: '', sample_id: FACs_30_112, source_wavelength: 0.9744, time: 0.0}
