features: {I_fluctuation: 0.4257406524868253, Ilowq_over_Imean: 0.31513057193105093,
  Imax_over_Imean: 2.9909607882719964, Imax_sharpness: 1.764827600777384, best_hump_qwidth: 0.04382577795965002,
  best_hump_qwidth_log: 0.010168479782896084, best_trough_qwidth: 0.04382577795965002,
  best_trough_qwidth_log: 0.010168479782896084, logI_fluctuation: 0.4151994337394392,
  logI_max_over_std: 13.82193978828839, pearson_expq: -0.015777277377474187, pearson_invexpq: -0.4845900102626183,
  pearson_q: 0.17879600407696186, pearson_q2: 0.08031481816582096, q_Icentroid: 3.363673472506227,
  q_best_hump: 0.7194476716698186, q_best_hump_log: 0.7331110966072218, q_best_trough: 0.7194476716698186,
  q_best_trough_log: 0.7331110966072218, q_logIcentroid: 3.309664815459144, r_fftIcentroid: 0.08037621468358627}
fit_report:
  error_weighted: 1
  good_fit: 0
  logI_weighted: 1
  q_range: [0.0, .inf]
noise:
  model: flat
  parameters:
    I0:
      bounds: [0.0, null]
      constraint_expr: null
      fixed: 0
      value: 0.001
sample_metadata: {data_file: FACs30_2deg_heat_0027_tif_A270.dat, experiment_id: FACs_30,
  notes: '', sample_id: FACs_30_7, source_wavelength: 0.9744, time: 0.0}
