features: {I_fluctuation: 0.40814649933901803, Ilowq_over_Imean: 0.3355940307581041,
  Imax_over_Imean: 3.906385836357629, Imax_sharpness: 2.415783010019499, best_hump_qwidth: 0.17301732473489068,
  best_hump_qwidth_log: 0.044413526747399026, best_trough_qwidth: 0.5269337620361223,
  best_trough_qwidth_log: 0.4417807587108334, logI_fluctuation: 0.3695306489509601,
  logI_max_over_std: 13.880943424485741, pearson_expq: -0.028524540551756745, pearson_invexpq: -0.435876231309027,
  pearson_q: 0.14709569301547434, pearson_q2: 0.056564737206864286, q_Icentroid: 3.353162194079931,
  q_best_hump: 0.5191179026108581, q_best_hump_log: 0.4257933077702343, q_best_trough: 0.32858211596251596,
  q_best_trough_log: 2.5256691981637607, q_logIcentroid: 3.3107542679785684, r_fftIcentroid: 0.08129394879981765}
fit_report:
  error_weighted: 1
  good_fit: 0
  logI_weighted: 1
  q_range: [0.0, .inf]
noise:
  model: flat
  parameters:
    I0:
      bounds: [0.0, null]
      constraint_expr: null
      fixed: 0
      value: 0.001
sample_metadata: {data_file: FACs30_2deg_heat_0088_tif_A270.dat, experiment_id: FACs_30,
  notes: '', sample_id: FACs_30_103, source_wavelength: 0.9744, time: 0.0}
