features: {I_fluctuation: 0.6518813194587738, Ilowq_over_Imean: 0.3291410883453338,
  Imax_over_Imean: 3.902833105170164, Imax_sharpness: 2.4055236633671533, best_hump_qwidth: 0.08783089837279101,
  best_hump_qwidth_log: 0.019368569526826127, best_trough_qwidth: 1.1158680783161437,
  best_trough_qwidth_log: 0.1499168791219433, logI_fluctuation: 0.57398935507656,
  logI_max_over_std: 13.83110444650713, pearson_expq: -0.02664840128961455, pearson_invexpq: -0.4467576398000594,
  pearson_q: 0.1536757341794643, pearson_q2: 0.061175186079342206, q_Icentroid: 3.3565026752239318,
  q_best_hump: 0.5691936936199857, q_best_hump_log: 0.5368691555710257, q_best_trough: -0.06634035280510364,
  q_best_trough_log: 1.3064280018392394, q_logIcentroid: 3.311300219623672, r_fftIcentroid: 0.08052753925334423}
fit_report:
  error_weighted: 1
  good_fit: 0
  logI_weighted: 1
  q_range: [0.0, .inf]
noise:
  model: flat
  parameters:
    I0:
      bounds: [0.0, null]
      constraint_expr: null
      fixed: 0
      value: 0.001
sample_metadata: {data_file: FACs_30_cooling_03111545_0006_tif_A270.dat, experiment_id: FACs_30,
  notes: '', sample_id: FACs_30_37, source_wavelength: 0.9744, time: 0.0}
