features: {I_fluctuation: 0.5177236425976816, Ilowq_over_Imean: 0.336420949786036,
  Imax_over_Imean: 3.897606017648589, Imax_sharpness: 2.3983986308019127, best_hump_qwidth: 1.1421149929313836,
  best_hump_qwidth_log: 0.07224158915423977, best_trough_qwidth: 0.08136794045196893,
  best_trough_qwidth_log: 0.04839116599314819, logI_fluctuation: 0.40348623118323973,
  logI_max_over_std: 13.981247084823233, pearson_expq: -0.029186724874108047, pearson_invexpq: -0.4362679716442892,
  pearson_q: 0.14647619700434658, pearson_q2: 0.05575806472746115, q_Icentroid: 3.3526129771728437,
  q_best_hump: 1.7038113948715867, q_best_hump_log: 1.067669417433661, q_best_trough: 0.6631424217758535,
  q_best_trough_log: 0.5245679712397031, q_logIcentroid: 3.3102135806956214, r_fftIcentroid: 0.07685359627573606}
fit_report:
  error_weighted: 1
  good_fit: 0
  logI_weighted: 1
  q_range: [0.0, .inf]
noise:
  model: flat
  parameters:
    I0:
      bounds: [0.0, null]
      constraint_expr: null
      fixed: 0
      value: 0.001
sample_metadata: {data_file: FACs30_2deg_heat_0079_tif_A270.dat, experiment_id: FACs_30,
  notes: '', sample_id: FACs_30_11, source_wavelength: 0.9744, time: 0.0}
