features: {I_fluctuation: 0.8601181185108959, Ilowq_over_Imean: 0.32802537333629056,
  Imax_over_Imean: 2.921269483010289, Imax_sharpness: 1.7063692393156267, best_hump_qwidth: 0.040618777910964146,
  best_hump_qwidth_log: 0.010011622195137983, best_trough_qwidth: 0.040618777910964146,
  best_trough_qwidth_log: 0.010011622195137983, logI_fluctuation: 0.6119172082993523,
  logI_max_over_std: 14.068878134641434, pearson_expq: -0.03204598714985767, pearson_invexpq: -0.47013084346821477,
  pearson_q: 0.15857019329662808, pearson_q2: 0.06034987438935041, q_Icentroid: 3.3514671856925506,
  q_best_hump: 0.7171380410903296, q_best_hump_log: 0.7314520172654686, q_best_trough: 0.7171380410903296,
  q_best_trough_log: 0.7314520172654686, q_logIcentroid: 3.306534458602634, r_fftIcentroid: 0.08003359500003263}
fit_report:
  error_weighted: 1
  good_fit: 0
  logI_weighted: 1
  q_range: [0.0, .inf]
noise:
  model: flat
  parameters:
    I0:
      bounds: [0.0, null]
      constraint_expr: null
      fixed: 0
      value: 0.001
sample_metadata: {data_file: FACs30_2deg_heat_0044_tif_A270.dat, experiment_id: FACs_30,
  notes: '', sample_id: FACs_30_80, source_wavelength: 0.9744, time: 0.0}
