features: {I_fluctuation: 0.75467211099047, Ilowq_over_Imean: 0.3256352948322289,
  Imax_over_Imean: 3.007071491357351, Imax_sharpness: 1.759327485493289, best_hump_qwidth: 0.04114242506946982,
  best_hump_qwidth_log: 0.009967947830783693, best_trough_qwidth: 0.04114242506946982,
  best_trough_qwidth_log: 0.009967947830783693, logI_fluctuation: 0.5345704708686173,
  logI_max_over_std: 14.072745706227096, pearson_expq: -0.028988685497539378, pearson_invexpq: -0.4701756764834033,
  pearson_q: 0.16120857448908082, pearson_q2: 0.06345731985122094, q_Icentroid: 3.3534587321585194,
  q_best_hump: 0.7174848827874518, q_best_hump_log: 0.7314506668520755, q_best_trough: 0.7174848827874518,
  q_best_trough_log: 0.7314506668520755, q_logIcentroid: 3.307098923635025, r_fftIcentroid: 0.08092594263750942}
fit_report:
  error_weighted: 1
  good_fit: 0
  logI_weighted: 1
  q_range: [0.0, .inf]
noise:
  model: flat
  parameters:
    I0:
      bounds: [0.0, null]
      constraint_expr: null
      fixed: 0
      value: 0.001
sample_metadata: {data_file: FACs30_2deg_heat_0041_tif_A270.dat, experiment_id: FACs_30,
  notes: '', sample_id: FACs_30_51, source_wavelength: 0.9744, time: 0.0}
