features: {I_fluctuation: 0.7026901569325875, Ilowq_over_Imean: 0.33430837692721654,
  Imax_over_Imean: 3.5318010263798207, Imax_sharpness: 2.161454851773149, best_hump_qwidth: 0.09534411144961834,
  best_hump_qwidth_log: 0.01878376405428271, best_trough_qwidth: 0.20079705485018293,
  best_trough_qwidth_log: 0.5225907979238787, logI_fluctuation: 0.4581215832350713,
  logI_max_over_std: 13.916556625172264, pearson_expq: -0.029553905011084514, pearson_invexpq: -0.44652767392374415,
  pearson_q: 0.15035891443559088, pearson_q2: 0.05750704400409505, q_Icentroid: 3.353070645618236,
  q_best_hump: 0.7663851511731514, q_best_hump_log: 0.7774195516861884, q_best_trough: 0.5704962192153613,
  q_best_trough_log: -1.4542536272884372, q_logIcentroid: 3.3095856478393735, r_fftIcentroid: 0.0741457106674827}
fit_report:
  error_weighted: 1
  good_fit: 0
  logI_weighted: 1
  q_range: [0.0, .inf]
noise:
  model: flat
  parameters:
    I0:
      bounds: [0.0, null]
      constraint_expr: null
      fixed: 0
      value: 0.001
sample_metadata: {data_file: FACs30_2deg_heat_0067_tif_A270.dat, experiment_id: FACs_30,
  notes: '', sample_id: FACs_30_72, source_wavelength: 0.9744, time: 0.0}
