features: {I_fluctuation: 0.6023832899372659, Ilowq_over_Imean: 0.33030250344948414,
  Imax_over_Imean: 2.9530636968640405, Imax_sharpness: 1.7896298625654707, best_hump_qwidth: 0.04620676484540042,
  best_hump_qwidth_log: 0.010974860842095752, best_trough_qwidth: 0.04620676484540042,
  best_trough_qwidth_log: 0.010974860842095752, logI_fluctuation: 0.41826736810004156,
  logI_max_over_std: 13.904917496064705, pearson_expq: -0.029621613026604245, pearson_invexpq: -0.4683041849554965,
  pearson_q: 0.15891460907596758, pearson_q2: 0.06166396806703118, q_Icentroid: 3.3538080446357026,
  q_best_hump: 0.719390653261601, q_best_hump_log: 0.7337670669806808, q_best_trough: 0.719390653261601,
  q_best_trough_log: 0.7337670669806808, q_logIcentroid: 3.3078357736014805, r_fftIcentroid: 0.07199309429833003}
fit_report:
  error_weighted: 1
  good_fit: 0
  logI_weighted: 1
  q_range: [0.0, .inf]
noise:
  model: flat
  parameters:
    I0:
      bounds: [0.0, null]
      constraint_expr: null
      fixed: 0
      value: 0.001
sample_metadata: {data_file: FACs30_2deg_heat_0053_tif_A270.dat, experiment_id: FACs_30,
  notes: '', sample_id: FACs_30_91, source_wavelength: 0.9744, time: 0.0}
