features: {I_fluctuation: 0.6134092605876067, Ilowq_over_Imean: 0.3110351869710844,
  Imax_over_Imean: 2.8861390064717027, Imax_sharpness: 1.7070798351436713, best_hump_qwidth: 0.047762045417470284,
  best_hump_qwidth_log: 0.010709688585893587, best_trough_qwidth: 0.04765668332512857,
  best_trough_qwidth_log: 0.010726939400588076, logI_fluctuation: 0.4773068380905789,
  logI_max_over_std: 13.648206811870017, pearson_expq: -0.010961303957606468, pearson_invexpq: -0.49263799098655175,
  pearson_q: 0.18636504001410834, pearson_q2: 0.08704998746949126, q_Icentroid: 3.3678110473679297,
  q_best_hump: 0.7233006969992095, q_best_hump_log: 0.7364059265930036, q_best_trough: 0.7231330859321901,
  q_best_trough_log: 0.7365494227000182, q_logIcentroid: 3.3107182117212095, r_fftIcentroid: 0.07909518074157021}
fit_report:
  error_weighted: 1
  good_fit: 0
  logI_weighted: 1
  q_range: [0.0, .inf]
noise:
  model: flat
  parameters:
    I0:
      bounds: [0.0, null]
      constraint_expr: null
      fixed: 0
      value: 0.001
sample_metadata: {data_file: FACs30_2deg_heat_0005_tif_A270.dat, experiment_id: FACs_30,
  notes: '', sample_id: FACs_30_105, source_wavelength: 0.9744, time: 0.0}
