features: {I_fluctuation: 0.49953595875963863, Ilowq_over_Imean: 0.32591649242602744,
  Imax_over_Imean: 3.702092946714813, Imax_sharpness: 2.2827182730676334, best_hump_qwidth: 0.07810690434580708,
  best_hump_qwidth_log: 0.017330626219807303, best_trough_qwidth: 1.8642326822831197,
  best_trough_qwidth_log: 0.11973379957747109, logI_fluctuation: 0.4267143767472912,
  logI_max_over_std: 13.716001531192287, pearson_expq: -0.02643447254800752, pearson_invexpq: -0.45320978339450146,
  pearson_q: 0.1564972671968231, pearson_q2: 0.06268866344755719, q_Icentroid: 3.3574514980779,
  q_best_hump: 0.574413562747945, q_best_hump_log: 0.545346956419964, q_best_trough: -0.581869317985626,
  q_best_trough_log: 1.183424056714423, q_logIcentroid: 3.3115154632237878, r_fftIcentroid: 0.07587972011952732}
fit_report:
  error_weighted: 1
  good_fit: 0
  logI_weighted: 1
  q_range: [0.0, .inf]
noise:
  model: flat
  parameters:
    I0:
      bounds: [0.0, null]
      constraint_expr: null
      fixed: 0
      value: 0.001
sample_metadata: {data_file: FACs_30_cooling_03111545_0010_tif_A270.dat, experiment_id: FACs_30,
  notes: '', sample_id: FACs_30_67, source_wavelength: 0.9744, time: 0.0}
