features: {I_fluctuation: 0.639414958333407, Ilowq_over_Imean: 0.33058603129613806,
  Imax_over_Imean: 3.8947616945863057, Imax_sharpness: 2.3987950741945046, best_hump_qwidth: 0.12858819225961404,
  best_hump_qwidth_log: 0.029432644659861514, best_trough_qwidth: 0.782271816062609,
  best_trough_qwidth_log: 0.21484505651541982, logI_fluctuation: 0.5135109898540057,
  logI_max_over_std: 13.840305324420862, pearson_expq: -0.027559717546092013, pearson_invexpq: -0.4440070802589864,
  pearson_q: 0.15186197100778442, pearson_q2: 0.05975352911499191, q_Icentroid: 3.3556101255349375,
  q_best_hump: 0.5462343875637372, q_best_hump_log: 0.49515709371109784, q_best_trough: 0.16075747635208648,
  q_best_trough_log: 1.5713288730423216, q_logIcentroid: 3.311143188939484, r_fftIcentroid: 0.08427431916827799}
fit_report:
  error_weighted: 1
  good_fit: 0
  logI_weighted: 1
  q_range: [0.0, .inf]
noise:
  model: flat
  parameters:
    I0:
      bounds: [0.0, null]
      constraint_expr: null
      fixed: 0
      value: 0.001
sample_metadata: {data_file: FACs_30_cooling_03111545_0004_tif_A270.dat, experiment_id: FACs_30,
  notes: '', sample_id: FACs_30_113, source_wavelength: 0.9744, time: 0.0}
