features: {I_fluctuation: 0.5952049384025352, Ilowq_over_Imean: 0.31202863731497366,
  Imax_over_Imean: 2.8763381038505256, Imax_sharpness: 1.7015749537660934, best_hump_qwidth: 0.04766376858435032,
  best_hump_qwidth_log: 0.010817235723274938, best_trough_qwidth: 0.047655470530856156,
  best_trough_qwidth_log: 0.010848773752617533, logI_fluctuation: 0.4674299670381326,
  logI_max_over_std: 13.671898427662072, pearson_expq: -0.012185731519596187, pearson_invexpq: -0.49099973855459295,
  pearson_q: 0.18471701264279913, pearson_q2: 0.08552838667891291, q_Icentroid: 3.3668842950495694,
  q_best_hump: 0.7230791580849019, q_best_hump_log: 0.7367618395320799, q_best_trough: 0.7230659688095398,
  q_best_trough_log: 0.7370226092990899, q_logIcentroid: 3.3104603720996155, r_fftIcentroid: 0.07915883745066918}
fit_report:
  error_weighted: 1
  good_fit: 0
  logI_weighted: 1
  q_range: [0.0, .inf]
noise:
  model: flat
  parameters:
    I0:
      bounds: [0.0, null]
      constraint_expr: null
      fixed: 0
      value: 0.001
sample_metadata: {data_file: FACs30_2deg_heat_0009_tif_A270.dat, experiment_id: FACs_30,
  notes: '', sample_id: FACs_30_8, source_wavelength: 0.9744, time: 0.0}
