features: {I_fluctuation: 0.8714905256534485, Ilowq_over_Imean: 0.32808024627996635,
  Imax_over_Imean: 2.8682627826833933, Imax_sharpness: 1.6747181173908623, best_hump_qwidth: 0.04091737199756147,
  best_hump_qwidth_log: 0.01015350569758968, best_trough_qwidth: 0.04091737199756147,
  best_trough_qwidth_log: 0.01015350569758968, logI_fluctuation: 0.6058527669242852,
  logI_max_over_std: 14.02616600593984, pearson_expq: -0.031495214073184306, pearson_invexpq: -0.47198499316662623,
  pearson_q: 0.15954604770929384, pearson_q2: 0.06107238707997542, q_Icentroid: 3.351805358776873,
  q_best_hump: 0.7174341728348979, q_best_hump_log: 0.7322363221399768, q_best_trough: 0.7174341728348979,
  q_best_trough_log: 0.7322363221399768, q_logIcentroid: 3.3065963183438485, r_fftIcentroid: 0.079440673290103}
fit_report:
  error_weighted: 1
  good_fit: 0
  logI_weighted: 1
  q_range: [0.0, .inf]
noise:
  model: flat
  parameters:
    I0:
      bounds: [0.0, null]
      constraint_expr: null
      fixed: 0
      value: 0.001
sample_metadata: {data_file: FACs30_2deg_heat_0045_tif_A270.dat, experiment_id: FACs_30,
  notes: '', sample_id: FACs_30_59, source_wavelength: 0.9744, time: 0.0}
