features: {I_fluctuation: 0.8597149258606493, Ilowq_over_Imean: 0.3286729778756822,
  Imax_over_Imean: 2.8110812655271085, Imax_sharpness: 1.6405030595458472, best_hump_qwidth: 0.04087061212304089,
  best_hump_qwidth_log: 0.010132594656299823, best_trough_qwidth: 0.04087061212304089,
  best_trough_qwidth_log: 0.010132594656299823, logI_fluctuation: 0.5402938252481647,
  logI_max_over_std: 14.008318203768303, pearson_expq: -0.03197174905141339, pearson_invexpq: -0.47339319153600246,
  pearson_q: 0.15973318421196922, pearson_q2: 0.06091557292047851, q_Icentroid: 3.3516827955699036,
  q_best_hump: 0.717348846324307, q_best_hump_log: 0.7318931369998349, q_best_trough: 0.717348846324307,
  q_best_trough_log: 0.7318931369998349, q_logIcentroid: 3.306462578263788, r_fftIcentroid: 0.07886483332560001}
fit_report:
  error_weighted: 1
  good_fit: 0
  logI_weighted: 1
  q_range: [0.0, .inf]
noise:
  model: flat
  parameters:
    I0:
      bounds: [0.0, null]
      constraint_expr: null
      fixed: 0
      value: 0.001
sample_metadata: {data_file: FACs30_2deg_heat_0046_tif_A270.dat, experiment_id: FACs_30,
  notes: '', sample_id: FACs_30_25, source_wavelength: 0.9744, time: 0.0}
