features: {I_fluctuation: 0.6795411834408368, Ilowq_over_Imean: 0.3235929193890509,
  Imax_over_Imean: 3.444550755925876, Imax_sharpness: 2.124589402369996, best_hump_qwidth: 0.07262491525350424,
  best_hump_qwidth_log: 0.016323599074548938, best_trough_qwidth: 1.463155531485934,
  best_trough_qwidth_log: 0.12792679191057926, logI_fluctuation: 0.5034034628429467,
  logI_max_over_std: 13.601798058498668, pearson_expq: -0.027466807502869377, pearson_invexpq: -0.45974084775030766,
  pearson_q: 0.1581902380751601, pearson_q2: 0.0628803293379263, q_Icentroid: 3.3572664826456076,
  q_best_hump: 0.5771973968098592, q_best_hump_log: 0.5496401299631923, q_best_trough: -0.32527972871536415,
  q_best_trough_log: 1.2191106966634644, q_logIcentroid: 3.311371227072366, r_fftIcentroid: 0.07981515786878604}
fit_report:
  error_weighted: 1
  good_fit: 0
  logI_weighted: 1
  q_range: [0.0, .inf]
noise:
  model: flat
  parameters:
    I0:
      bounds: [0.0, null]
      constraint_expr: null
      fixed: 0
      value: 0.001
sample_metadata: {data_file: FACs_30_cooling_03111545_0026_tif_A270.dat, experiment_id: FACs_30,
  notes: '', sample_id: FACs_30_22, source_wavelength: 0.9744, time: 0.0}
