features: {I_fluctuation: 0.6898833709480043, Ilowq_over_Imean: 0.33464322423786313,
  Imax_over_Imean: 3.545183560407664, Imax_sharpness: 2.1706727011507496, best_hump_qwidth: 0.10064259608456631,
  best_hump_qwidth_log: 0.019561100371117964, best_trough_qwidth: 0.14116004954572103,
  best_trough_qwidth_log: 0.1398764078610733, logI_fluctuation: 0.45042262929204807,
  logI_max_over_std: 13.912428661082899, pearson_expq: -0.029380523461896436, pearson_invexpq: -0.4457973639519401,
  pearson_q: 0.15007011519549615, pearson_q2: 0.05740442794025545, q_Icentroid: 3.3529983356366695,
  q_best_hump: 0.7714431719484107, q_best_hump_log: 0.7824014628998937, q_best_trough: 0.6225069077462444,
  q_best_trough_log: 0.1570329829365389, q_logIcentroid: 3.3096432308356807, r_fftIcentroid: 0.07422292255659829}
fit_report:
  error_weighted: 1
  good_fit: 0
  logI_weighted: 1
  q_range: [0.0, .inf]
noise:
  model: flat
  parameters:
    I0:
      bounds: [0.0, null]
      constraint_expr: null
      fixed: 0
      value: 0.001
sample_metadata: {data_file: FACs30_2deg_heat_0068_tif_A270.dat, experiment_id: FACs_30,
  notes: '', sample_id: FACs_30_93, source_wavelength: 0.9744, time: 0.0}
