features: {I_fluctuation: 0.6155053891537555, Ilowq_over_Imean: 0.31711068952624694,
  Imax_over_Imean: 3.0072871849009744, Imax_sharpness: 1.7737254949980177, best_hump_qwidth: 0.0424288041508654,
  best_hump_qwidth_log: 0.009998470024878817, best_trough_qwidth: 0.0424288041508654,
  best_trough_qwidth_log: 0.009998470024878817, logI_fluctuation: 0.47174807154463755,
  logI_max_over_std: 13.876854814547828, pearson_expq: -0.017515333475301133, pearson_invexpq: -0.48179274208982964,
  pearson_q: 0.1759941964251252, pearson_q2: 0.07780809095106977, q_Icentroid: 3.3620844736087596,
  q_best_hump: 0.7181066082731018, q_best_hump_log: 0.7320154327026538, q_best_trough: 0.7181066082731018,
  q_best_trough_log: 0.7320154327026538, q_logIcentroid: 3.3092351727951264, r_fftIcentroid: 0.08152613249102952}
fit_report:
  error_weighted: 1
  good_fit: 0
  logI_weighted: 1
  q_range: [0.0, .inf]
noise:
  model: flat
  parameters:
    I0:
      bounds: [0.0, null]
      constraint_expr: null
      fixed: 0
      value: 0.001
sample_metadata: {data_file: FACs30_2deg_heat_0035_tif_A270.dat, experiment_id: FACs_30,
  notes: '', sample_id: FACs_30_57, source_wavelength: 0.9744, time: 0.0}
