features: {I_fluctuation: 0.6509847863294038, Ilowq_over_Imean: 0.33535190684845967,
  Imax_over_Imean: 3.665498303387942, Imax_sharpness: 2.2481330604416585, best_hump_qwidth: 0.3719230836235035,
  best_hump_qwidth_log: 0.049203132484890104, best_trough_qwidth: 0.12022992673832232,
  best_trough_qwidth_log: 0.09332540907577865, logI_fluctuation: 0.44538212182803594,
  logI_max_over_std: 13.940312457363842, pearson_expq: -0.029449807505411908, pearson_invexpq: -0.4425823971066998,
  pearson_q: 0.14874221187795586, pearson_q2: 0.05671448239308276, q_Icentroid: 3.352778654952964,
  q_best_hump: 1.0851639411353649, q_best_hump_log: 0.9802175132253899, q_best_trough: 0.6362731341181975,
  q_best_trough_log: 0.34261058936886535, q_logIcentroid: 3.309812999299478, r_fftIcentroid: 0.07474352093603645}
fit_report:
  error_weighted: 1
  good_fit: 0
  logI_weighted: 1
  q_range: [0.0, .inf]
noise:
  model: flat
  parameters:
    I0:
      bounds: [0.0, null]
      constraint_expr: null
      fixed: 0
      value: 0.001
sample_metadata: {data_file: FACs30_2deg_heat_0072_tif_A270.dat, experiment_id: FACs_30,
  notes: '', sample_id: FACs_30_78, source_wavelength: 0.9744, time: 0.0}
