features: {I_fluctuation: 0.5383506665020039, Ilowq_over_Imean: 0.31597312300430574,
  Imax_over_Imean: 3.0060599003256008, Imax_sharpness: 1.7733372559531204, best_hump_qwidth: 0.04313076587605698,
  best_hump_qwidth_log: 0.01005049409957744, best_trough_qwidth: 0.04313076587605698,
  best_trough_qwidth_log: 0.01005049409957744, logI_fluctuation: 0.4360432142467674,
  logI_max_over_std: 13.845840464420476, pearson_expq: -0.01631696942156601, pearson_invexpq: -0.48303932297925556,
  pearson_q: 0.17754082462488738, pearson_q2: 0.07930073184911991, q_Icentroid: 3.3629958821733394,
  q_best_hump: 0.7188564771521584, q_best_hump_log: 0.7325448545635775, q_best_trough: 0.7188564771521584,
  q_best_trough_log: 0.7325448545635775, q_logIcentroid: 3.3095103914906256, r_fftIcentroid: 0.08111659073168807}
fit_report:
  error_weighted: 1
  good_fit: 0
  logI_weighted: 1
  q_range: [0.0, .inf]
noise:
  model: flat
  parameters:
    I0:
      bounds: [0.0, null]
      constraint_expr: null
      fixed: 0
      value: 0.001
sample_metadata: {data_file: FACs30_2deg_heat_0031_tif_A270.dat, experiment_id: FACs_30,
  notes: '', sample_id: FACs_30_47, source_wavelength: 0.9744, time: 0.0}
