features: {I_fluctuation: 0.5951142443468155, Ilowq_over_Imean: 0.3364329277267224,
  Imax_over_Imean: 3.831901266200719, Imax_sharpness: 2.357133366499322, best_hump_qwidth: 0.9602664118501096,
  best_hump_qwidth_log: 0.07278587146922909, best_trough_qwidth: 0.0864858964579198,
  best_trough_qwidth_log: 0.052934036668038566, logI_fluctuation: 0.44790140269255596,
  logI_max_over_std: 13.972031730274512, pearson_expq: -0.029763467129687846, pearson_invexpq: -0.43763293865698594,
  pearson_q: 0.14664035535420095, pearson_q2: 0.05554676030127962, q_Icentroid: 3.3523943693956517,
  q_best_hump: 1.5746807066301096, q_best_hump_log: 1.0819188973031113, q_best_trough: 0.6593884812994442,
  q_best_trough_log: 0.5058425262852282, q_logIcentroid: 3.3100620201073947, r_fftIcentroid: 0.07595046963190073}
fit_report:
  error_weighted: 1
  good_fit: 0
  logI_weighted: 1
  q_range: [0.0, .inf]
noise:
  model: flat
  parameters:
    I0:
      bounds: [0.0, null]
      constraint_expr: null
      fixed: 0
      value: 0.001
sample_metadata: {data_file: FACs30_2deg_heat_0078_tif_A270.dat, experiment_id: FACs_30,
  notes: '', sample_id: FACs_30_106, source_wavelength: 0.9744, time: 0.0}
