features: {I_fluctuation: 0.7252069493315262, Ilowq_over_Imean: 0.3242045830535764,
  Imax_over_Imean: 3.501788738656573, Imax_sharpness: 2.1598415454025823, best_hump_qwidth: 0.07512082841115285,
  best_hump_qwidth_log: 0.016921874959854522, best_trough_qwidth: 1.2037193485174853,
  best_trough_qwidth_log: 0.14160825995172457, logI_fluctuation: 0.4968424854662217,
  logI_max_over_std: 13.631092382446003, pearson_expq: -0.027027722556512406, pearson_invexpq: -0.45841803996755187,
  pearson_q: 0.15816731166708844, pearson_q2: 0.06320180812588395, q_Icentroid: 3.357556656834684,
  q_best_hump: 0.5759057854630165, q_best_hump_log: 0.5472561318718996, q_best_trough: -0.1424746218539279,
  q_best_trough_log: 1.2743875480825655, q_logIcentroid: 3.311424840123435, r_fftIcentroid: 0.07738133531609087}
fit_report:
  error_weighted: 1
  good_fit: 0
  logI_weighted: 1
  q_range: [0.0, .inf]
noise:
  model: flat
  parameters:
    I0:
      bounds: [0.0, null]
      constraint_expr: null
      fixed: 0
      value: 0.001
sample_metadata: {data_file: FACs_30_cooling_03111545_0015_tif_A270.dat, experiment_id: FACs_30,
  notes: '', sample_id: FACs_30_53, source_wavelength: 0.9744, time: 0.0}
