features: {I_fluctuation: 0.665149227344453, Ilowq_over_Imean: 0.3358118457336678,
  Imax_over_Imean: 3.7242561459272703, Imax_sharpness: 2.286098634731956, best_hump_qwidth: 0.14314274257329912,
  best_hump_qwidth_log: 0.02441560607823759, best_trough_qwidth: 0.1088261580703032,
  best_trough_qwidth_log: 0.07580841322908989, logI_fluctuation: 0.4635066175648485,
  logI_max_over_std: 13.950680017181975, pearson_expq: -0.02967443183231201, pearson_invexpq: -0.44061709443922964,
  pearson_q: 0.14780012303450957, pearson_q2: 0.056127583259887016, q_Icentroid: 3.35253459496663,
  q_best_hump: 0.7980027034502069, q_best_hump_log: 0.8006626412919338, q_best_trough: 0.644052483230424,
  q_best_trough_log: 0.413890140372835, q_logIcentroid: 3.309889760577091, r_fftIcentroid: 0.07514745514826922}
fit_report:
  error_weighted: 1
  good_fit: 0
  logI_weighted: 1
  q_range: [0.0, .inf]
noise:
  model: flat
  parameters:
    I0:
      bounds: [0.0, null]
      constraint_expr: null
      fixed: 0
      value: 0.001
sample_metadata: {data_file: FACs30_2deg_heat_0074_tif_A270.dat, experiment_id: FACs_30,
  notes: '', sample_id: FACs_30_19, source_wavelength: 0.9744, time: 0.0}
