features: {I_fluctuation: 0.4630544729448023, Ilowq_over_Imean: 0.3154590495876743,
  Imax_over_Imean: 2.990058153025241, Imax_sharpness: 1.7641380581649353, best_hump_qwidth: 0.043581531634367725,
  best_hump_qwidth_log: 0.010124872302582624, best_trough_qwidth: 0.043581531634367725,
  best_trough_qwidth_log: 0.010124872302582624, logI_fluctuation: 0.41680796600721026,
  logI_max_over_std: 13.827908237587753, pearson_expq: -0.015969178478432374, pearson_invexpq: -0.4841782548468015,
  pearson_q: 0.17842181633874646, pearson_q2: 0.07999727136712304, q_Icentroid: 3.363448421160071,
  q_best_hump: 0.7193751230409888, q_best_hump_log: 0.7331268235884196, q_best_trough: 0.7193751230409888,
  q_best_trough_log: 0.7331268235884196, q_logIcentroid: 3.3095976640925038, r_fftIcentroid: 0.08066469507503575}
fit_report:
  error_weighted: 1
  good_fit: 0
  logI_weighted: 1
  q_range: [0.0, .inf]
noise:
  model: flat
  parameters:
    I0:
      bounds: [0.0, null]
      constraint_expr: null
      fixed: 0
      value: 0.001
sample_metadata: {data_file: FACs30_2deg_heat_0028_tif_A270.dat, experiment_id: FACs_30,
  notes: '', sample_id: FACs_30_85, source_wavelength: 0.9744, time: 0.0}
