features: {I_fluctuation: 0.648746310878074, Ilowq_over_Imean: 0.3296134283954909,
  Imax_over_Imean: 3.8817264669399947, Imax_sharpness: 2.393085256243784, best_hump_qwidth: 0.09332296964818199,
  best_hump_qwidth_log: 0.02040969684728135, best_trough_qwidth: 0.9312486750540121,
  best_trough_qwidth_log: 0.17597831946813225, logI_fluctuation: 0.4992611129812208,
  logI_max_over_std: 13.836303294735211, pearson_expq: -0.027400550771022866, pearson_invexpq: -0.44541473417101135,
  pearson_q: 0.15264644619821827, pearson_q2: 0.06027251374466016, q_Icentroid: 3.356015530374892,
  q_best_hump: 0.5668409388130837, q_best_hump_log: 0.5337341110970071, q_best_trough: 0.06064534645827502,
  q_best_trough_log: 1.4110884156342327, q_logIcentroid: 3.3111786321125884, r_fftIcentroid: 0.08198109189700452}
fit_report:
  error_weighted: 1
  good_fit: 0
  logI_weighted: 1
  q_range: [0.0, .inf]
noise:
  model: flat
  parameters:
    I0:
      bounds: [0.0, null]
      constraint_expr: null
      fixed: 0
      value: 0.001
sample_metadata: {data_file: FACs_30_cooling_03111545_0005_tif_A270.dat, experiment_id: FACs_30,
  notes: '', sample_id: FACs_30_58, source_wavelength: 0.9744, time: 0.0}
