features: {I_fluctuation: 0.7578361612896176, Ilowq_over_Imean: 0.33386661637584636,
  Imax_over_Imean: 4.020906336163072, Imax_sharpness: 2.4837327261598863, best_hump_qwidth: 0.1900780420919522,
  best_hump_qwidth_log: 0.04882126592548599, best_trough_qwidth: 0.4664729437098044,
  best_trough_qwidth_log: 1.732740828306546, logI_fluctuation: 0.478693527828135,
  logI_max_over_std: 13.935293015459722, pearson_expq: -0.028552525648926536, pearson_invexpq: -0.4385900339504892,
  pearson_q: 0.14839493794599526, pearson_q2: 0.057278253086340665, q_Icentroid: 3.3536819580677837,
  q_best_hump: 0.514443202200014, q_best_hump_log: 0.41553634386567095, q_best_trough: 0.3745158375412201,
  q_best_trough_log: 7.794879976444141, q_logIcentroid: 3.3107271612589906, r_fftIcentroid: 0.08585396269870511}
fit_report:
  error_weighted: 1
  good_fit: 0
  logI_weighted: 1
  q_range: [0.0, .inf]
noise:
  model: flat
  parameters:
    I0:
      bounds: [0.0, null]
      constraint_expr: null
      fixed: 0
      value: 0.001
sample_metadata: {data_file: FACs_30_cooling_03111545_0001_tif_A270.dat, experiment_id: FACs_30,
  notes: '', sample_id: FACs_30_9, source_wavelength: 0.9744, time: 0.0}
