features: {I_fluctuation: 0.60816975028981, Ilowq_over_Imean: 0.312203442373416, Imax_over_Imean: 2.8807324113305834,
  Imax_sharpness: 1.7039493184811632, best_hump_qwidth: 0.04767489062650579, best_hump_qwidth_log: 0.010833340409575969,
  best_trough_qwidth: 0.04761019814258203, best_trough_qwidth_log: 0.01085064763785393,
  logI_fluctuation: 0.48871753375308613, logI_max_over_std: 13.685238940549446, pearson_expq: -0.01228796307595158,
  pearson_invexpq: -0.4906797426633466, pearson_q: 0.18448643159549755, pearson_q2: 0.08534833196743202,
  q_Icentroid: 3.366762338666234, q_best_hump: 0.7229655889946178, q_best_hump_log: 0.7366285468930864,
  q_best_trough: 0.7228629421344865, q_best_trough_log: 0.7367712246948939, q_logIcentroid: 3.310401547872908,
  r_fftIcentroid: 0.07916664319512755}
fit_report:
  error_weighted: 1
  good_fit: 0
  logI_weighted: 1
  q_range: [0.0, .inf]
noise:
  model: flat
  parameters:
    I0:
      bounds: [0.0, null]
      constraint_expr: null
      fixed: 0
      value: 0.001
sample_metadata: {data_file: FACs30_2deg_heat_0010_tif_A270.dat, experiment_id: FACs_30,
  notes: '', sample_id: FACs_30_114, source_wavelength: 0.9744, time: 0.0}
