features: {I_fluctuation: 0.6556300313604675, Ilowq_over_Imean: 0.33188803274571627,
  Imax_over_Imean: 3.3802035791032434, Imax_sharpness: 2.0633881309941993, best_hump_qwidth: 0.07879534002791301,
  best_hump_qwidth_log: 0.01677234038531132, best_trough_qwidth: 0.3451721108756754,
  best_trough_qwidth_log: 0.2179160559464817, logI_fluctuation: 0.4489403022061976,
  logI_max_over_std: 13.857981719181277, pearson_expq: -0.027952173337740242, pearson_invexpq: -0.4529837053376381,
  pearson_q: 0.15419654779396885, pearson_q2: 0.06032295163879307, q_Icentroid: 3.3544848723224026,
  q_best_hump: 0.7581098850327592, q_best_hump_log: 0.7722188555324663, q_best_trough: 0.45279888118117384,
  q_best_trough_log: 1.6552169202343645, q_logIcentroid: 3.309604613571503, r_fftIcentroid: 0.07397087388003783}
fit_report:
  error_weighted: 1
  good_fit: 0
  logI_weighted: 1
  q_range: [0.0, .inf]
noise:
  model: flat
  parameters:
    I0:
      bounds: [0.0, null]
      constraint_expr: null
      fixed: 0
      value: 0.001
sample_metadata: {data_file: FACs30_2deg_heat_0060_tif_A270.dat, experiment_id: FACs_30,
  notes: '', sample_id: FACs_30_116, source_wavelength: 0.9744, time: 0.0}
