features: {I_fluctuation: 6.059498073015172, Ilowq_over_Imean: 0.8736301311299423,
  Imax_over_Imean: 1.2872276427611993, Imax_sharpness: 1.1147616026512888, best_hump_qwidth: 0.00017980800969183593,
  best_hump_qwidth_log: 0.00020552738409085816, best_trough_qwidth: 0.00010337358434829241,
  best_trough_qwidth_log: 7.933231393629386e-05, logI_fluctuation: 1.934156007836407,
  logI_max_over_std: 5.774991153707884, pearson_expq: -0.013324871632160378, pearson_invexpq: -0.039436582883877094,
  pearson_q: 0.012158631240518546, pearson_q2: -0.07112652155339691, q_Icentroid: 0.31030337415184456,
  q_best_hump: 0.026618564426015012, q_best_hump_log: 0.02489484372710482, q_best_trough: 0.027197622945659583,
  q_best_trough_log: 0.026593825774754942, q_logIcentroid: 0.3145530096286089, r_fftIcentroid: 0.11004607011039888}
fit_report:
  converged: 1
  error_weighted: 1
  final_objective: 0.0015901731415879595
  fit_snr: 7.744308276179288
  good_fit: 1
  initial_objective: 568.9672483495398
  logI_weighted: 1
  q_range: [0.1, .inf]
  source_wavelength: 0.799898
noise:
  model: flat
  parameters:
    I0:
      bounds: [1.0e-12, .inf]
      constraint_expr: null
      fixed: 0
      value: 4.690369868704043
sample_metadata: {data_file: R5_SAXS_0002_dz_bgsub.dat, experiment_id: R5_201611,
  notes: '', sample_id: R5_201611_1479755460, source_wavelength: 0.799898, time: 1479755460.0}
