ODE_bad_flow_detected: 0
ODE_extra_bad_flow_detected: 0
ODE_extra_flowrate: 182167.0
ODE_extra_flowrate_ok: 1
ODE_extra_fraction: 0.2708030004411212
ODE_extra_setpoint: 182516.0
ODE_extra_volume_limit_ok: 1
ODE_flowrate: -500.0
ODE_flowrate_ok: 1
ODE_setpoint: 0.0
ODE_volume_limit_ok: 1
Pd_TOP_bad_flow_detected: 0
Pd_TOP_flowrate: 419500.0
Pd_TOP_flowrate_ok: 1
Pd_TOP_setpoint: 418490.0
Pd_TOP_volume_limit_ok: 1
TOP_bad_flow_detected: 0
TOP_flowrate: 833.0
TOP_flowrate_ok: 1
TOP_fraction: 5.6353792595339317e-05
TOP_setpoint: 573.0
TOP_volume_limit_ok: 1
T_read_A: 221.3945
T_set: 221.40158754062435
experiment_id: R6_20190417
exposure_time: 10.0
flowrate: 119.87756658718578
oleylamine_bad_flow_detected: 0
oleylamine_flowrate: 198500.0
oleylamine_flowrate_ok: 1
oleylamine_fraction: 0.29981136306747286
oleylamine_setpoint: 198830.0
oleylamine_volume_limit_ok: 1
reaction_id: R6_20190417_9
sample_id: R6_20190417_9_1556088204
source_wavelength: 0.799898
time: 1556088204.599836
