ODE_bad_flow_detected: 0
ODE_extra_bad_flow_detected: 0
ODE_extra_flowrate: 111500.0
ODE_extra_flowrate_ok: 1
ODE_extra_fraction: 0.28834872800588934
ODE_extra_setpoint: 111398.0
ODE_extra_volume_limit_ok: 1
ODE_flowrate: 2166.0
ODE_flowrate_ok: 1
ODE_setpoint: 0.0
ODE_volume_limit_ok: 1
Pd_TOP_bad_flow_detected: 0
Pd_TOP_flowrate: 312000.0
Pd_TOP_flowrate_ok: 1
Pd_TOP_setpoint: 311263.0
Pd_TOP_volume_limit_ok: 1
TOP_bad_flow_detected: 0
TOP_flowrate: 4000.0
TOP_flowrate_ok: 1
TOP_fraction: 0.0020543228336853347
TOP_setpoint: 3825.0
TOP_volume_limit_ok: 1
T_read_A: 257.8018
T_set: 257.7745252720612
experiment_id: R6_20190417
exposure_time: 10.0
flowrate: 54.91547492212294
oleylamine_bad_flow_detected: 0
oleylamine_flowrate: 36833.0
oleylamine_flowrate_ok: 1
oleylamine_fraction: 0.05699138121937037
oleylamine_setpoint: 36711.0
oleylamine_volume_limit_ok: 1
reaction_id: R6_20190417_4
sample_id: R6_20190417_4_1556065062
source_wavelength: 0.799898
time: 1556065062.55112
