ODE_bad_flow_detected: 0
ODE_extra_bad_flow_detected: 0
ODE_extra_flowrate: 56833.0
ODE_extra_flowrate_ok: 1
ODE_extra_fraction: 0.2975196148834593
ODE_extra_setpoint: 57231.0
ODE_extra_volume_limit_ok: 1
ODE_flowrate: 1000.0
ODE_flowrate_ok: 1
ODE_setpoint: 0.0
ODE_volume_limit_ok: 1
Pd_TOP_bad_flow_detected: 0
Pd_TOP_flowrate: 69500.0
Pd_TOP_flowrate_ok: 1
Pd_TOP_setpoint: 70644.0
Pd_TOP_volume_limit_ok: 1
TOP_bad_flow_detected: 0
TOP_flowrate: 54833.0
TOP_flowrate_ok: 1
TOP_fraction: 0.2914892934386162
TOP_setpoint: 55120.0
TOP_volume_limit_ok: 1
T_read_A: 299.763
T_set: 299.8983481645328
experiment_id: R6_20190417
exposure_time: 10.0
flowrate: 20.208036322221776
oleylamine_bad_flow_detected: 0
oleylamine_flowrate: 30833.0
oleylamine_flowrate_ok: 1
oleylamine_fraction: 0.12167985706281587
oleylamine_setpoint: 31066.0
oleylamine_volume_limit_ok: 1
reaction_id: R6_20190417_10
sample_id: R6_20190417_10_1556094454
source_wavelength: 0.799898
time: 1556094454.36711
