ODE_bad_flow_detected: 0
ODE_extra_bad_flow_detected: 0
ODE_extra_flowrate: 3500.0
ODE_extra_flowrate_ok: 1
ODE_extra_fraction: 0.0019450361895514798
ODE_extra_setpoint: 3782.0
ODE_extra_volume_limit_ok: 1
ODE_flowrate: 500.0
ODE_flowrate_ok: 1
ODE_setpoint: 0.0
ODE_volume_limit_ok: 1
Pd_TOP_bad_flow_detected: 0
Pd_TOP_flowrate: 413667.0
Pd_TOP_flowrate_ok: 1
Pd_TOP_setpoint: 414808.0
Pd_TOP_volume_limit_ok: 1
TOP_bad_flow_detected: 0
TOP_flowrate: 5666.0
TOP_flowrate_ok: 1
TOP_fraction: 0.003410773218329196
TOP_setpoint: 5685.0
TOP_volume_limit_ok: 1
T_read_A: 258.0366
T_set: 258.0405881249847
experiment_id: R6_20190417
exposure_time: 10.0
flowrate: 59.506483005012285
oleylamine_bad_flow_detected: 0
oleylamine_flowrate: 71666.0
oleylamine_flowrate_ok: 1
oleylamine_fraction: 0.13904145082748445
oleylamine_setpoint: 71945.0
oleylamine_volume_limit_ok: 1
reaction_id: R6_20190417_2
sample_id: R6_20190417_2_1556059306
source_wavelength: 0.799898
time: 1556059306.614457
