ODE_bad_flow_detected: 0
ODE_extra_bad_flow_detected: 0
ODE_extra_flowrate: 78000.0
ODE_extra_flowrate_ok: 1
ODE_extra_fraction: 0.2996785256556036
ODE_extra_setpoint: 77776.0
ODE_extra_volume_limit_ok: 1
ODE_flowrate: 500.0
ODE_flowrate_ok: 1
ODE_setpoint: 0.0
ODE_volume_limit_ok: 1
Pd_TOP_bad_flow_detected: 0
Pd_TOP_flowrate: 187833.0
Pd_TOP_flowrate_ok: 1
Pd_TOP_setpoint: 187064.0
Pd_TOP_volume_limit_ok: 1
TOP_bad_flow_detected: 0
TOP_flowrate: 3500.0
TOP_flowrate_ok: 1
TOP_fraction: 0.0027907925422280128
TOP_setpoint: 3222.0
TOP_volume_limit_ok: 1
T_read_A: 246.7061
T_set: 246.72666289023033
experiment_id: R6_20190417
exposure_time: 10.0
flowrate: 31.338967041451493
oleylamine_bad_flow_detected: 0
oleylamine_flowrate: 32666.0
oleylamine_flowrate_ok: 1
oleylamine_fraction: 0.08393303480749016
oleylamine_setpoint: 32550.0
oleylamine_volume_limit_ok: 1
reaction_id: R6_20190417_5
sample_id: R6_20190417_5_1556069138
source_wavelength: 0.799898
time: 1556069138.553083
