ODE_bad_flow_detected: 0
ODE_extra_bad_flow_detected: 0
ODE_extra_flowrate: 62000.0
ODE_extra_flowrate_ok: 1
ODE_extra_fraction: 0.29669634392782496
ODE_extra_setpoint: 60027.0
ODE_extra_volume_limit_ok: 1
ODE_flowrate: -1000.0
ODE_flowrate_ok: 1
ODE_setpoint: 0.0
ODE_volume_limit_ok: 1
Pd_TOP_bad_flow_detected: 0
Pd_TOP_flowrate: 125166.0
Pd_TOP_flowrate_ok: 1
Pd_TOP_setpoint: 124128.0
Pd_TOP_volume_limit_ok: 1
TOP_bad_flow_detected: 0
TOP_flowrate: 666.0
TOP_flowrate_ok: 1
TOP_fraction: 0.0004993212242114561
TOP_setpoint: 788.0
TOP_volume_limit_ok: 1
T_read_A: 234.1288
T_set: 234.1320054978492
experiment_id: R6_20190417
exposure_time: 10.0
flowrate: 21.71939582442168
oleylamine_bad_flow_detected: 0
oleylamine_flowrate: 40000.0
oleylamine_flowrate_ok: 1
oleylamine_fraction: 0.16658657687813244
oleylamine_setpoint: 40587.0
oleylamine_volume_limit_ok: 1
reaction_id: R6_20190417_6
sample_id: R6_20190417_6_1556074909
source_wavelength: 0.799898
time: 1556074909.174791
