ODE_bad_flow_detected: 0
ODE_extra_bad_flow_detected: 0
ODE_extra_flowrate: 6166.0
ODE_extra_flowrate_ok: 1
ODE_extra_fraction: 0.0036859446569127187
ODE_extra_setpoint: 5844.0
ODE_extra_volume_limit_ok: 1
ODE_flowrate: 2166.0
ODE_flowrate_ok: 1
ODE_setpoint: 0.0
ODE_volume_limit_ok: 1
Pd_TOP_bad_flow_detected: 0
Pd_TOP_flowrate: 441834.0
Pd_TOP_flowrate_ok: 1
Pd_TOP_setpoint: 439614.0
Pd_TOP_volume_limit_ok: 1
TOP_bad_flow_detected: 0
TOP_flowrate: 43500.0
TOP_flowrate_ok: 1
TOP_fraction: 0.07054236379522084
TOP_setpoint: 43665.0
TOP_volume_limit_ok: 1
T_read_A: 281.1412
T_set: 281.1438090466784
experiment_id: R6_20190417
exposure_time: 10.0
flowrate: 59.11578263298356
oleylamine_bad_flow_detected: 0
oleylamine_flowrate: 3000.0
oleylamine_flowrate_ok: 1
oleylamine_fraction: 0.0011304753039078157
oleylamine_setpoint: 2562.0
oleylamine_volume_limit_ok: 1
reaction_id: R6_20190417_3
sample_id: R6_20190417_3_1556061970
source_wavelength: 0.799898
time: 1556061970.798143
