ODE_bad_flow_detected: 0
ODE_extra_bad_flow_detected: 0
ODE_extra_flowrate: 175167.0
ODE_extra_flowrate_ok: 1
ODE_extra_fraction: 0.29981366328912606
ODE_extra_setpoint: 174909.0
ODE_extra_volume_limit_ok: 1
ODE_flowrate: 500.0
ODE_flowrate_ok: 1
ODE_setpoint: 0.0
ODE_volume_limit_ok: 1
Pd_TOP_bad_flow_detected: 0
Pd_TOP_flowrate: 547667.0
Pd_TOP_flowrate_ok: 1
Pd_TOP_setpoint: 545536.0
Pd_TOP_volume_limit_ok: 1
TOP_bad_flow_detected: 0
TOP_flowrate: 2500.0
TOP_flowrate_ok: 1
TOP_fraction: 0.0006093214349017852
TOP_setpoint: 2555.0
TOP_volume_limit_ok: 1
T_read_A: 299.9259
T_set: 299.9314150443844
experiment_id: R6_20190417
exposure_time: 10.0
flowrate: 101.77862886867108
oleylamine_bad_flow_detected: 0
oleylamine_flowrate: 1666.0
oleylamine_flowrate_ok: 1
oleylamine_fraction: 0.000301776506877157
oleylamine_setpoint: 1496.0
oleylamine_volume_limit_ok: 1
reaction_id: R6_20190417_1
sample_id: R6_20190417_1_1556055692
source_wavelength: 0.799898
time: 1556055692.024346
