features: {I_fluctuation: 9.74023775162377, Ilowq_over_Imean: 0.9952685209530854,
  Imax_over_Imean: 1.352134487108568, Imax_sharpness: 1.101988613776199, best_hump_qwidth: 0.00016064590947760909,
  best_hump_qwidth_log: 0.00013397863455417468, best_trough_qwidth: 8.287522830516238e-05,
  best_trough_qwidth_log: 7.104667209958009e-05, logI_fluctuation: 11.301713136117312,
  logI_max_over_std: 14.15660726694345, pearson_expq: 0.005381331611149696, pearson_invexpq: -0.02251696646029569,
  pearson_q: 0.013967375776503818, pearson_q2: -0.01329501622745308, q_Icentroid: 0.3103447184698415,
  q_best_hump: 0.026524862013181938, q_best_hump_log: 0.0261516317963279, q_best_trough: 0.027082702765636346,
  q_best_trough_log: 0.026869936990187027, q_logIcentroid: 0.31107714085572796, r_fftIcentroid: 0.16032183935963742}
fit_report:
  converged: 1
  error_weighted: 1
  final_objective: 0.0077171042440311866
  fit_snr: 10.276641605975835
  good_fit: 1
  initial_objective: 65.72316799971156
  logI_weighted: 1
  q_range: [0.0, .inf]
noise:
  model: flat
  parameters:
    I0:
      bounds: [0.0, .inf]
      constraint_expr: null
      fixed: 0
      value: 3.3159456928389366
sample_metadata: {data_file: R13_0011_dz_bgsub.dat, experiment_id: R13_201607, notes: '',
  sample_id: R13_201607_1468044759, source_wavelength: 0.826562, time: 0.0}
