features: {I_fluctuation: 8.747443308595154, Ilowq_over_Imean: 0.9470769580238094,
  Imax_over_Imean: 1.3173551084045323, Imax_sharpness: 1.109547204101923, best_hump_qwidth: 0.0014129686750413708,
  best_hump_qwidth_log: 0.000990916687315822, best_trough_qwidth: 0.00013584511507820865,
  best_trough_qwidth_log: 0.00011188939511791457, logI_fluctuation: 5.388513092049558,
  logI_max_over_std: 8.024033756163485, pearson_expq: 0.03142084449553879, pearson_invexpq: -0.06138389623514668,
  pearson_q: 0.04604446487911126, pearson_q2: -0.0022905961313085085, q_Icentroid: 0.3108770613669186,
  q_best_hump: 0.07754011491426749, q_best_hump_log: 0.06793751255553349, q_best_trough: 0.02373471912842895,
  q_best_trough_log: 0.02399369241314192, q_logIcentroid: 0.3133047398708255, r_fftIcentroid: 0.1329913050259403}
fit_report:
  converged: 1
  error_weighted: 1
  final_objective: 0.010936403718702368
  fit_snr: 8.51682369349833
  good_fit: 1
  initial_objective: 66.19148549115883
  logI_weighted: 1
  q_range: [0.0, .inf]
noise:
  model: flat
  parameters:
    I0:
      bounds: [0.0, .inf]
      constraint_expr: null
      fixed: 0
      value: 3.412282787020388
sample_metadata: {data_file: '', experiment_id: '', notes: '', sample_id: '', source_wavelength: 0.0,
  time: 0.0}
