ODE_extra_flowrate: 25.517578863895324
ODE_extra_fraction: 0.29459076751868446
ODE_extra_setpoint: 25.486398731851068
ODE_flowrate: 0.0
ODE_setpoint: 0.0
Pd_TOP_flowrate: 46.994180060400765
Pd_TOP_setpoint: 46.736228615718915
TOP_flowrate: 0.589258669125619
TOP_fraction: 0.006824872822530875
TOP_setpoint: 0.590457259705039
T_read_A: 223.5498
T_set: 223.55316559624566
experiment_id: RxnA_201903
exposure_time: 10.0
flowrate: 86.51440352506555
flowreactor_design_categorical_constraints: {crystalline_flag: 0, dilute_sphere_flag: 1,
  disordered_flag: 0}
flowreactor_design_constraints: {r0_sphere: 10.882977925409296}
flowreactor_design_domain:
  ODE_extra_fraction: [0.0, 0.3]
  TOP_fraction: [0.0, 0.3]
  T_set: [220.0, 310.0]
  flowrate: [20.0, 100.0]
  oleylamine_fraction: [0.0, 0.3]
flowreactor_design_mode: MPI_exploration
flowreactor_design_range_constraints:
  I0_fraction_sphere: [0.9, 1.0]
  I0_sphere: [10.0, 1000000.0]
  sigma_sphere: [0.0, 0.1]
oleylamine_flowrate: 13.733052758290183
oleylamine_fraction: 0.158371939169071
oleylamine_setpoint: 13.70140665253199
sample_id: RxnA_201903_1552003089
source_wavelength: 0.799898
time: 1552004288.266999
