ODE_bad_flow_detected: 0
ODE_extra_bad_flow_detected: 0
ODE_extra_flowrate: 58000.0
ODE_extra_flowrate_ok: 1
ODE_extra_fraction: 0.2969341478326635
ODE_extra_setpoint: 59238.0
ODE_extra_volume_limit_ok: 1
ODE_flowrate: -500.0
ODE_flowrate_ok: 1
ODE_setpoint: 0.0
ODE_volume_limit_ok: 1
Pd_TOP_bad_flow_detected: 0
Pd_TOP_flowrate: 143666.0
Pd_TOP_flowrate_ok: 1
Pd_TOP_setpoint: 145513.0
Pd_TOP_volume_limit_ok: 1
TOP_bad_flow_detected: 0
TOP_flowrate: 7500.0
TOP_flowrate_ok: 1
TOP_fraction: 0.0013037223377869631
TOP_setpoint: 1486.0
TOP_volume_limit_ok: 1
T_read_A: 250.9825
T_set: 250.9813380534927
experiment_id: R0_20190424
exposure_time: 10.0
flowrate: 21.28860257929742
oleylamine_bad_flow_detected: 0
oleylamine_flowrate: 13833.0
oleylamine_flowrate_ok: 1
oleylamine_fraction: 0.03734129311208196
oleylamine_setpoint: 14219.0
oleylamine_volume_limit_ok: 1
reaction_id: R0_20190424_6
sample_id: R0_20190424_6_1556174466
source_wavelength: 0.799898
time: 1556174466.174895
