ODE_bad_flow_detected: 0
ODE_extra_bad_flow_detected: 0
ODE_extra_flowrate: 103333.0
ODE_extra_flowrate_ok: 1
ODE_extra_fraction: 0.11985371644438654
ODE_extra_setpoint: 103120.0
ODE_extra_volume_limit_ok: 1
ODE_flowrate: 500.0
ODE_flowrate_ok: 1
ODE_setpoint: 0.0
ODE_volume_limit_ok: 1
Pd_TOP_bad_flow_detected: 0
Pd_TOP_flowrate: 627501.0
Pd_TOP_flowrate_ok: 1
Pd_TOP_setpoint: 626716.0
Pd_TOP_volume_limit_ok: 1
TOP_bad_flow_detected: 0
TOP_flowrate: 1666.0
TOP_flowrate_ok: 1
TOP_fraction: 0.00021105913076835262
TOP_setpoint: 1382.0
TOP_volume_limit_ok: 1
T_read_A: 235.3321
T_set: 235.33486576078505
experiment_id: R0_20190424
exposure_time: 10.0
flowrate: 118.0868092461369
oleylamine_bad_flow_detected: 0
oleylamine_flowrate: 130166.0
oleylamine_flowrate_ok: 1
oleylamine_fraction: 0.16582446320754465
oleylamine_setpoint: 130602.0
oleylamine_volume_limit_ok: 1
reaction_id: R0_20190424_3
sample_id: R0_20190424_3_1556156857
source_wavelength: 0.799898
time: 1556156857.867214
