ODE_bad_flow_detected: 0
ODE_extra_bad_flow_detected: 0
ODE_extra_flowrate: 2666.0
ODE_extra_flowrate_ok: 1
ODE_extra_fraction: 0.003296758669100628
ODE_extra_setpoint: 2606.0
ODE_extra_volume_limit_ok: 1
ODE_flowrate: 2166.0
ODE_flowrate_ok: 1
ODE_setpoint: 0.0
ODE_volume_limit_ok: 1
Pd_TOP_bad_flow_detected: 0
Pd_TOP_flowrate: 182167.0
Pd_TOP_flowrate_ok: 1
Pd_TOP_setpoint: 181853.0
Pd_TOP_volume_limit_ok: 1
TOP_bad_flow_detected: 0
TOP_flowrate: 23166.0
TOP_flowrate_ok: 1
TOP_fraction: 0.07688941801252437
TOP_setpoint: 22598.0
TOP_volume_limit_ok: 1
T_read_A: 299.6421
T_set: 299.6760734489827
experiment_id: R0_20190424
exposure_time: 10.0
flowrate: 20.425450804894282
oleylamine_bad_flow_detected: 0
oleylamine_flowrate: 6333.0
oleylamine_flowrate_ok: 1
oleylamine_fraction: 0.010329123949357597
oleylamine_setpoint: 5677.0
oleylamine_volume_limit_ok: 1
reaction_id: R0_20190424_4
sample_id: R0_20190424_4_1556162906
source_wavelength: 0.799898
time: 1556162906.727629
