ODE_bad_flow_detected: 0
ODE_extra_bad_flow_detected: 0
ODE_extra_flowrate: 59666.0
ODE_extra_flowrate_ok: 1
ODE_extra_fraction: 0.2978486946314792
ODE_extra_setpoint: 58601.0
ODE_extra_volume_limit_ok: 1
ODE_flowrate: 2166.0
ODE_flowrate_ok: 1
ODE_setpoint: 0.0
ODE_volume_limit_ok: 1
Pd_TOP_bad_flow_detected: 0
Pd_TOP_flowrate: 141833.0
Pd_TOP_flowrate_ok: 1
Pd_TOP_setpoint: 142460.0
Pd_TOP_volume_limit_ok: 1
TOP_bad_flow_detected: 0
TOP_flowrate: 4666.0
TOP_flowrate_ok: 1
TOP_fraction: 0.006581684179226573
TOP_setpoint: 4372.0
TOP_volume_limit_ok: 1
T_read_A: 246.3582
T_set: 246.35606912881744
experiment_id: R0_20190424
exposure_time: 10.0
flowrate: 20.892260358192132
oleylamine_bad_flow_detected: 0
oleylamine_flowrate: 14000.0
oleylamine_flowrate_ok: 1
oleylamine_fraction: 0.03587191161016728
oleylamine_setpoint: 13651.0
oleylamine_volume_limit_ok: 1
reaction_id: R0_20190424_9
sample_id: R0_20190424_9_1556190799
source_wavelength: 0.799898
time: 1556190799.468557
