ODE_bad_flow_detected: 0
ODE_extra_bad_flow_detected: 0
ODE_extra_flowrate: 26166.0
ODE_extra_flowrate_ok: 1
ODE_extra_fraction: 0.020704630614119087
ODE_extra_setpoint: 25747.0
ODE_extra_volume_limit_ok: 1
ODE_flowrate: 2166.0
ODE_flowrate_ok: 1
ODE_setpoint: 0.0
ODE_volume_limit_ok: 1
Pd_TOP_bad_flow_detected: 0
Pd_TOP_flowrate: 572834.0
Pd_TOP_flowrate_ok: 1
Pd_TOP_setpoint: 572617.0
Pd_TOP_volume_limit_ok: 1
TOP_bad_flow_detected: 0
TOP_flowrate: 4333.0
TOP_flowrate_ok: 1
TOP_fraction: 0.0012796982116512299
TOP_setpoint: 3905.0
TOP_volume_limit_ok: 1
T_read_A: 243.93
T_set: 243.898345045062
experiment_id: R0_20190424
exposure_time: 10.0
flowrate: 90.90031766466464
oleylamine_bad_flow_detected: 0
oleylamine_flowrate: 100666.0
oleylamine_flowrate_ok: 1
oleylamine_fraction: 0.14727654249174946
oleylamine_setpoint: 100380.0
oleylamine_volume_limit_ok: 1
reaction_id: R0_20190424_2
sample_id: R0_20190424_2_1556155545
source_wavelength: 0.799898
time: 1556155545.057336
