{ODE_flowrate: -22.42191799649008, ODE_setpoint: 0.0, Pd_TOP_flowrate: 60.854717227152605,
  Pd_TOP_setpoint: 59.999960907907564, TOP_flowrate: 15.144723418440904, TOP_setpoint: 15.000126795439087,
  T_read_A: 269.9636, T_read_B: 46.23575, T_set_A: 270.0, T_set_B: null, date_time: '2018-06-24
    16:27:08.284024-07:00', exposure_time: 10.0, oleylamine_flowrate: 5.488042417500666,
  oleylamine_setpoint: 0.0, source_wavelength: 0.799898, t_utc: 1529882828.283849,
  time: 1529882828.283849}
