{ODE_flowrate: 0.0, ODE_setpoint: 0.0, Pd_TOP_flowrate: 60.014774018608236, Pd_TOP_setpoint: 59.999960907907564,
  TOP_flowrate: 14.875097354735107, TOP_setpoint: 15.000126795439087, T_read_A: 250.0663,
  T_read_B: 42.62537, T_set_A: 250.0, T_set_B: null, date_time: '2018-06-24 21:04:17.602246-07:00',
  exposure_time: 10.0, oleylamine_flowrate: 5.493845674628836, oleylamine_setpoint: 0.0,
  source_wavelength: 0.799898, t_utc: 1529899457.60207, time: 1529899457.60207}
