{ODE_flowrate: 0.0, ODE_setpoint: 0.0, Pd_TOP_flowrate: 158.91342368004683, Pd_TOP_setpoint: 160.0000755779229,
  TOP_flowrate: -13.466943703228461, TOP_setpoint: 0.0, T_read_A: 269.9925, T_read_B: 80.34872,
  T_set_A: 270.0, T_set_B: null, date_time: '2018-06-24 15:09:43.047392-07:00', exposure_time: 10.0,
  oleylamine_flowrate: 39.8284972911414, oleylamine_setpoint: 39.999971442913974,
  source_wavelength: 0.799898, t_utc: 1529878183.047217, time: 1529878183.047217}
