{ODE_flowrate: -22.94409972689827, ODE_setpoint: 0.0, Pd_TOP_flowrate: 160.52675181462985,
  Pd_TOP_setpoint: 160.0000755779229, TOP_flowrate: 20.057297867208366, TOP_setpoint: 19.999989524287688,
  T_read_A: 270.0516, T_read_B: 79.6413, T_set_A: 270.0, T_set_B: null, date_time: '2018-06-24
    14:55:06.244486-07:00', exposure_time: 10.0, oleylamine_flowrate: 20.020431205814536,
  oleylamine_setpoint: 19.99998036650422, source_wavelength: 0.799898, t_utc: 1529877306.244309,
  time: 1529877306.244309}
