{ODE_flowrate: 0.0, ODE_setpoint: 0.0, Pd_TOP_flowrate: 201.72964248361484, Pd_TOP_setpoint: 200.0000069367943,
  TOP_flowrate: -13.466943703228461, TOP_setpoint: 0.0, T_read_A: 250.0078, T_read_B: 70.63919,
  T_set_A: 250.0, T_set_B: null, date_time: '2018-06-24 18:38:02.124603-07:00', exposure_time: 10.0,
  oleylamine_flowrate: 5.489950552563653, oleylamine_setpoint: 0.0, source_wavelength: 0.799898,
  t_utc: 1529890682.12446, time: 1529890682.12446}
