{ODE_flowrate: 0.0, ODE_setpoint: 0.0, Pd_TOP_flowrate: 160.24834816055352, Pd_TOP_setpoint: 160.0000755779229,
  TOP_flowrate: 39.95196882451222, TOP_setpoint: 39.99993617508193, T_read_A: 249.8655,
  T_read_B: 69.23676, T_set_A: 250.0, T_set_B: null, date_time: '2018-06-24 19:06:44.237117-07:00',
  exposure_time: 10.0, oleylamine_flowrate: 0.0, oleylamine_setpoint: 0.0, source_wavelength: 0.799898,
  t_utc: 1529892404.236878, time: 1529892404.236878}
