{ODE_flowrate: 0.0, ODE_setpoint: 0.0, Pd_TOP_flowrate: 160.16485981883352, Pd_TOP_setpoint: 160.0000755779229,
  TOP_flowrate: 40.22031181311007, TOP_setpoint: 39.99993617508193, T_read_A: 250.0065,
  T_read_B: 71.88107, T_set_A: 250.0, T_set_B: null, date_time: '2018-06-24 18:53:50.020053-07:00',
  exposure_time: 10.0, oleylamine_flowrate: 5.486175680658166, oleylamine_setpoint: 0.0,
  source_wavelength: 0.799898, t_utc: 1529891630.019882, time: 1529891630.019882}
