{ODE_flowrate: -22.791802191880752, ODE_setpoint: 0.0, Pd_TOP_flowrate: 159.38610375785655,
  Pd_TOP_setpoint: 160.0000755779229, TOP_flowrate: 19.683013277347097, TOP_setpoint: 19.999989524287688,
  T_read_A: 250.0843, T_read_B: 73.59735, T_set_A: 250.0, T_set_B: null, date_time: '2018-06-24
    19:14:09.194578-07:00', exposure_time: 10.0, oleylamine_flowrate: 19.902015970712476,
  oleylamine_setpoint: 19.99998036650422, source_wavelength: 0.799898, t_utc: 1529892849.194405,
  time: 1529892849.194405}
