{ODE_flowrate: 0.0, ODE_setpoint: 0.0, Pd_TOP_flowrate: 159.58064885709658, Pd_TOP_setpoint: 160.0000755779229,
  TOP_flowrate: -13.434635433283404, TOP_setpoint: 0.0, T_read_A: 249.9379, T_read_B: 73.89194,
  T_set_A: 250.0, T_set_B: null, date_time: '2018-06-24 19:34:45.029029-07:00', exposure_time: 10.0,
  oleylamine_flowrate: 39.73760062065347, oleylamine_setpoint: 39.999971442913974,
  source_wavelength: 0.799898, t_utc: 1529894085.028785, time: 1529894085.028785}
