{ODE_flowrate: -22.791802191880752, ODE_setpoint: 0.0, Pd_TOP_flowrate: 74.87557410275461,
  Pd_TOP_setpoint: 75.00007090475327, TOP_flowrate: -13.434635433283404, TOP_setpoint: 0.0,
  T_read_A: 250.0709, T_read_B: 40.06207, T_set_A: 250.0, T_set_B: null, date_time: '2018-06-24
    20:11:20.404340-07:00', exposure_time: 10.0, oleylamine_flowrate: 5.489950552563653,
  oleylamine_setpoint: 0.0, source_wavelength: 0.799898, t_utc: 1529896280.404166,
  time: 1529896280.404166}
