{ODE_flowrate: -22.94409972689827, ODE_setpoint: 0.0, Pd_TOP_flowrate: 60.50881276225569,
  Pd_TOP_setpoint: 59.999960907907564, TOP_flowrate: 7.619226434212546, TOP_setpoint: 7.500066665702253,
  T_read_A: 250.0087, T_read_B: 42.02231, T_set_A: 250.0, T_set_B: null, date_time: '2018-06-24
    21:57:30.212684-07:00', exposure_time: 10.0, oleylamine_flowrate: 7.4494716463902915,
  oleylamine_setpoint: 7.50003023013641, source_wavelength: 0.799898, t_utc: 1529902650.212505,
  time: 1529902650.212505}
