{ODE_flowrate: -23.161448556901664, ODE_setpoint: 0.0, Pd_TOP_flowrate: 159.38610375785655,
  Pd_TOP_setpoint: 160.0000755779229, TOP_flowrate: 39.36299940284144, TOP_setpoint: 39.99993617508193,
  T_read_A: 250.1734, T_read_B: 71.45422, T_set_A: 250.0, T_set_B: null, date_time: '2018-06-24
    19:00:22.792824-07:00', exposure_time: 10.0, oleylamine_flowrate: 0.0, oleylamine_setpoint: 0.0,
  source_wavelength: 0.799898, t_utc: 1529892022.79265, time: 1529892022.79265}
