{ODE_flowrate: -22.487216641579, ODE_setpoint: 0.0, Pd_TOP_flowrate: 159.8588549189927,
  Pd_TOP_setpoint: 160.0000755779229, TOP_flowrate: 39.79110509663947, TOP_setpoint: 39.99993617508193,
  T_read_A: 270.0209, T_read_B: 81.13824, T_set_A: 270.0, T_set_B: null, date_time: '2018-06-24
    14:28:16.051447-07:00', exposure_time: 10.0, oleylamine_flowrate: 0.0, oleylamine_setpoint: 0.0,
  source_wavelength: 0.799898, t_utc: 1529875696.051272, time: 1529875696.051272}
