{ODE_flowrate: -23.096226453594607, ODE_setpoint: 0.0, Pd_TOP_flowrate: 158.52448350694007,
  Pd_TOP_setpoint: 160.0000755779229, TOP_flowrate: 19.54301080210031, TOP_setpoint: 19.999989524287688,
  T_read_A: 249.9392, T_read_B: 73.10532, T_set_A: 250.0, T_set_B: null, date_time: '2018-06-24
    19:24:27.232035-07:00', exposure_time: 10.0, oleylamine_flowrate: 20.348335860210078,
  oleylamine_setpoint: 19.99998036650422, source_wavelength: 0.799898, t_utc: 1529893467.231859,
  time: 1529893467.231859}
