{ODE_flowrate: -23.00933910618629, ODE_setpoint: 0.0, Pd_TOP_flowrate: 59.916124286491495,
  Pd_TOP_setpoint: 59.999960907907564, TOP_flowrate: 7.577139394008288, TOP_setpoint: 7.500066665702253,
  T_read_A: 270.0266, T_read_B: 47.39581, T_set_A: 270.0, T_set_B: null, date_time: '2018-06-24
    17:41:40.012612-07:00', exposure_time: 10.0, oleylamine_flowrate: 7.4827074801462885,
  oleylamine_setpoint: 7.50003023013641, source_wavelength: 0.799898, t_utc: 1529887300.012439,
  time: 1529887300.012439}
