{ODE_flowrate: 0.0, ODE_setpoint: 0.0, Pd_TOP_flowrate: 159.97019378772669, Pd_TOP_setpoint: 160.0000755779229,
  TOP_flowrate: 20.057297867208366, TOP_setpoint: 19.999989524287688, T_read_A: 249.9571,
  T_read_B: 73.35196, T_set_A: 250.0, T_set_B: null, date_time: '2018-06-24 19:28:09.152853-07:00',
  exposure_time: 10.0, oleylamine_flowrate: 20.079730612118098, oleylamine_setpoint: 19.99998036650422,
  source_wavelength: 0.799898, t_utc: 1529893689.152699, time: 1529893689.152699}
