ODE_extra_flowrate: 29.528196939726715
ODE_extra_fraction: 0.29835003269117466
ODE_extra_setpoint: 29.519660574152756
ODE_flowrate: 0.2388020046556772
ODE_setpoint: 0.0
Pd_TOP_flowrate: 57.724803635363166
Pd_TOP_setpoint: 57.542909078810005
TOP_flowrate: 11.293227480897821
TOP_fraction: 0.11445278436370704
TOP_setpoint: 11.324378127151997
T_read_A: 281.5323
T_set: 281.5457246739402
experiment_id: RxnB_201903
exposure_time: 10.0
flowrate: 98.94342830942139
flowreactor_design_categorical_constraints: {crystalline_flag: 0, dilute_sphere_flag: 1,
  disordered_flag: 0}
flowreactor_design_constraints: {r0_sphere: 33.877267857471494}
flowreactor_design_domain:
  ODE_extra_fraction: [0.0, 0.3]
  TOP_fraction: [0.0, 0.3]
  T_set: [220.0, 310.0]
  flowrate: [20.0, 100.0]
  oleylamine_fraction: [0.0, 0.3]
flowreactor_design_mode: MPI_exploration
flowreactor_design_range_constraints:
  I0_fraction_sphere: [0.9, 1.0]
  I0_sphere: [10.0, 1000000.0]
  sigma_sphere: [0.0, 0.1]
oleylamine_flowrate: 0.536619483724205
oleylamine_fraction: 0.00562362692173571
oleylamine_setpoint: 0.5564124348707024
sample_id: RxnB_201903_1552183120
source_wavelength: 0.799898
time: 1552184189.145135
