date_time: '2018-06-26 17:45:41.081050-07:00'
exposure_time: 20.0
flow_reactor_header: {ODE_flowrate: 0.08250636132524745, ODE_setpoint: 0.0, Pd_TOP_flowrate: 34.25909798409511,
  Pd_TOP_setpoint: 36.000015815524065, TOP_flowrate: 3.8902227879744293, TOP_setpoint: 3.9999378783581276,
  T_read_A: 280.0235, T_read_B: 26.13821, T_set_A: 280.0, T_set_B: null, oleylamine_flowrate: 0.2957576220616495,
  oleylamine_setpoint: 0.0, t_utc: 1530060341.080782, time: '2018-06-26 17:45:41.081050-07:00'}
source_wavelength: 0.799898
time: 1530060341.080782
