date_time: '2018-06-26 19:38:53.476018-07:00'
exposure_time: 20.0
flow_reactor_header: {ODE_flowrate: -0.08250636132524745, ODE_setpoint: 0.0, Pd_TOP_flowrate: 35.70732169374994,
  Pd_TOP_setpoint: 36.000015815524065, TOP_flowrate: 0.0, TOP_setpoint: 0.0, T_read_A: 279.9947,
  T_read_B: 25.93509, T_set_A: 280.0, T_set_B: null, oleylamine_flowrate: 4.2882144539065505,
  oleylamine_setpoint: 3.999987508502829, t_utc: 1530067133.475822, time: '2018-06-26
    19:38:53.476018-07:00'}
source_wavelength: 0.799898
time: 1530067133.475822
