date_time: '2018-06-27 21:09:00.332053-07:00'
exposure_time: 20.0
flow_reactor_header: {ODE_flowrate: 0.9150930360191889, ODE_setpoint: 0.0, Pd_TOP_flowrate: 34.72504040607407,
  Pd_TOP_setpoint: 35.112164414525104, TOP_flowrate: 0.008448385744430414, TOP_setpoint: 0.0,
  T_read_A: 250.2387, T_read_B: 25.37033, T_set_A: 250.2956053390675, T_set_B: null,
  oleylamine_flowrate: 4.034188218864172, oleylamine_setpoint: 4.153405091834523,
  t_utc: 1530158940.332002, time: '2018-06-27 21:09:00.332053-07:00'}
source_wavelength: 0.799898
time: 1530158940.332002
