{ODE_extra_flowrate: 0.2832655678087181, ODE_extra_fraction: 0.010657446623807883,
  ODE_extra_setpoint: 0.37759267638062566, ODE_flowrate: 0.0, ODE_setpoint: 0.0, Pd_TOP_flowrate: 29.732330233589536,
  Pd_TOP_setpoint: 29.6129070759752, TOP_flowrate: -0.005523115299730655, TOP_fraction: 0.00044678105976406896,
  TOP_setpoint: 0.0, T_read_A: 242.6792, T_set: 242.6581616307842, experiment_id: RxnC_201902,
  exposure_time: 10.0, flowrate: 35.428198281893536, oleylamine_flowrate: 5.151887753681721,
  oleylamine_fraction: 0.15303826168655327, oleylamine_setpoint: 5.42185081433803,
  source_wavelength: 0.799898, time: 1549595550.444252}
