features: {I_fluctuation: 6.636000891140872, Ilowq_over_Imean: 1.1690566443806054,
  Imax_over_Imean: 5.874742912840712, Imax_sharpness: 1.162459585460455, best_hump_qwidth: 4.3993827285290305e-05,
  best_hump_qwidth_log: 5.8813825933328966e-05, best_trough_qwidth: 0.001805202836762453,
  best_trough_qwidth_log: 0.0009935079877124158, logI_fluctuation: 12.791573447720811,
  logI_max_over_std: 8.30881648491582, pearson_expq: 0.022366538271854714, pearson_invexpq: -0.006935524374740644,
  pearson_q: 0.01579200515913262, pearson_q2: 0.039554961739680344, q_Icentroid: 0.3122428922838162,
  q_best_hump: 0.031146545913280865, q_best_hump_log: 0.030689041697115116, q_best_trough: 0.06933944040082213,
  q_best_trough_log: 0.06923388727137486, q_logIcentroid: 0.4564136332556931, r_fftIcentroid: 0.17407991622689917}
fit_report:
  converged: 1
  error_weighted: 1
  final_objective: 0.09733466196082417
  fit_snr: 3.024648446637677
  good_fit: 1
  initial_objective: 49.45729861144318
  logI_weighted: 1
  q_range: [0.0, .inf]
noise:
  model: flat
  parameters:
    I0:
      bounds: [0.0, .inf]
      constraint_expr: null
      fixed: 0
      value: 1.1251165579153626
sample_metadata: {data_file: '', experiment_id: '', notes: '', sample_id: '', source_wavelength: 0.0,
  time: 0.0}
