features: {I_fluctuation: 1.832646827198219, Ilowq_over_Imean: 0.9188931888053935,
  Imax_over_Imean: 1.0371885208305098, Imax_sharpness: 1.0190493388682076, best_hump_qwidth: 0.00011946062389993168,
  best_hump_qwidth_log: 6.558552058946869e-05, best_trough_qwidth: 0.00011946062389993168,
  best_trough_qwidth_log: 6.558552058946869e-05, logI_fluctuation: 1.336018842253223,
  logI_max_over_std: 23.144251810901128, pearson_expq: 0.1328190997965886, pearson_invexpq: -0.17662671476274264,
  pearson_q: 0.15389326787153698, pearson_q2: 0.08072678139555484, q_Icentroid: 0.3117313952588706,
  q_best_hump: 0.035652443544923085, q_best_hump_log: 0.03387595813501704, q_best_trough: 0.035652443544923085,
  q_best_trough_log: 0.03387595813501704, q_logIcentroid: 0.31149584903540056, r_fftIcentroid: 0.15283696121580007}
fit_report:
  converged: 1
  error_weighted: 1
  final_objective: 0.00316866262448461
  fit_snr: 14.006113092328937
  good_fit: 1
  initial_objective: 81.79767418089708
  logI_weighted: 1
  q_range: [0.0, .inf]
noise:
  model: flat
  parameters:
    I0:
      bounds: [0.0, .inf]
      constraint_expr: null
      fixed: 0
      value: 8.467829880185104
sample_metadata: {data_file: '', experiment_id: '', notes: '', sample_id: '', source_wavelength: 0.0,
  time: 0.0}
