features: {I_fluctuation: 3.369243142879147, Ilowq_over_Imean: 0.8923993609996925,
  Imax_over_Imean: 1.0753856064837193, Imax_sharpness: 1.0944619239714637, best_hump_qwidth: 0.00013634991752559068,
  best_hump_qwidth_log: 7.046712044618478e-05, best_trough_qwidth: 0.00013634991752559068,
  best_trough_qwidth_log: 7.046712044618478e-05, logI_fluctuation: 2.203163423894663,
  logI_max_over_std: 16.66218145791315, pearson_expq: 0.2890588229808398, pearson_invexpq: -0.3330639345134298,
  pearson_q: 0.3106579601832417, pearson_q2: 0.23279784283087313, q_Icentroid: 0.3139436962049228,
  q_best_hump: 0.0358697847096221, q_best_hump_log: 0.03390777935624406, q_best_trough: 0.0358697847096221,
  q_best_trough_log: 0.03390777935624406, q_logIcentroid: 0.3131172138774141, r_fftIcentroid: 0.14942982609005648}
fit_report:
  converged: 1
  error_weighted: 1
  final_objective: 0.004015700534560441
  fit_snr: 12.860696234076668
  good_fit: 1
  initial_objective: 74.54927562686214
  logI_weighted: 1
  q_range: [0.0, .inf]
noise:
  model: flat
  parameters:
    I0:
      bounds: [0.0, .inf]
      constraint_expr: null
      fixed: 0
      value: 5.619294698558391
sample_metadata: {data_file: '', experiment_id: '', notes: '', sample_id: '', source_wavelength: 0.0,
  time: 0.0}
