features: {I_fluctuation: 1.7458049211913895, Ilowq_over_Imean: 0.8884069482761269,
  Imax_over_Imean: 1.0845713638400452, Imax_sharpness: 1.0569939665534067, best_hump_qwidth: 0.00011571690622475477,
  best_hump_qwidth_log: 6.476092268531624e-05, best_trough_qwidth: 0.00011571690622475477,
  best_trough_qwidth_log: 6.476092268531624e-05, logI_fluctuation: 1.3414386159625022,
  logI_max_over_std: 23.93091429961556, pearson_expq: 0.38944108677787637, pearson_invexpq: -0.4392643776345792,
  pearson_q: 0.4143684007164709, pearson_q2: 0.32442468694227716, q_Icentroid: 0.3149043485627456,
  q_best_hump: 0.03480107546535799, q_best_hump_log: 0.03351359819359123, q_best_trough: 0.03480107546535799,
  q_best_trough_log: 0.03351359819359123, q_logIcentroid: 0.3129666999834617, r_fftIcentroid: 0.15461244294627108}
fit_report:
  converged: 1
  error_weighted: 1
  final_objective: 0.0032954258424493003
  fit_snr: 13.86686926807574
  good_fit: 1
  initial_objective: 81.64640208957906
  logI_weighted: 1
  q_range: [0.0, .inf]
noise:
  model: flat
  parameters:
    I0:
      bounds: [0.0, .inf]
      constraint_expr: null
      fixed: 0
      value: 8.39721718090867
sample_metadata: {data_file: '', experiment_id: '', notes: '', sample_id: '', source_wavelength: 0.0,
  time: 0.0}
