features: {I_fluctuation: 1.6329768277246135, Ilowq_over_Imean: 0.8857646076988939,
  Imax_over_Imean: 1.032088463484114, Imax_sharpness: 1.0126941417911266, best_hump_qwidth: 0.00012552781302998945,
  best_hump_qwidth_log: 6.790893259089397e-05, best_trough_qwidth: 0.00012552781302998945,
  best_trough_qwidth_log: 6.790893259089397e-05, logI_fluctuation: 1.2273134472852654,
  logI_max_over_std: 22.068748417180537, pearson_expq: 0.32960420205070007, pearson_invexpq: -0.38333447030706036,
  pearson_q: 0.3562294115733318, pearson_q2: 0.2617606469534041, q_Icentroid: 0.31430427622240287,
  q_best_hump: 0.03545768561413254, q_best_hump_log: 0.03379351624050542, q_best_trough: 0.03545768561413254,
  q_best_trough_log: 0.03379351624050542, q_logIcentroid: 0.3127339754660653, r_fftIcentroid: 0.1519678927683267}
fit_report:
  converged: 1
  error_weighted: 1
  final_objective: 0.003507568234774628
  fit_snr: 13.542488361957448
  good_fit: 1
  initial_objective: 81.5408919861498
  logI_weighted: 1
  q_range: [0.0, .inf]
noise:
  model: flat
  parameters:
    I0:
      bounds: [0.0, .inf]
      constraint_expr: null
      fixed: 0
      value: 8.348222758950687
sample_metadata: {data_file: '', experiment_id: '', notes: '', sample_id: '', source_wavelength: 0.0,
  time: 0.0}
