features: {I_fluctuation: 1.957799255170069, Ilowq_over_Imean: 0.8980794877675347,
  Imax_over_Imean: 1.032171680043012, Imax_sharpness: 1.0208886602981808, best_hump_qwidth: 0.0001206935083268506,
  best_hump_qwidth_log: 6.546301876474564e-05, best_trough_qwidth: 0.0001206935083268506,
  best_trough_qwidth_log: 6.546301876474564e-05, logI_fluctuation: 1.411552163949672,
  logI_max_over_std: 21.637571814809874, pearson_expq: 0.2496160693382847, pearson_invexpq: -0.3013998647601293,
  pearson_q: 0.2750709160126558, pearson_q2: 0.1859515826489513, q_Icentroid: 0.3132378312112908,
  q_best_hump: 0.035109761996570954, q_best_hump_log: 0.03357241896346835, q_best_trough: 0.035109761996570954,
  q_best_trough_log: 0.03357241896346835, q_logIcentroid: 0.31226135987384923, r_fftIcentroid: 0.15272019572732567}
fit_report:
  converged: 1
  error_weighted: 1
  final_objective: 0.0033056795369370185
  fit_snr: 13.784834695246024
  good_fit: 1
  initial_objective: 80.59511411241039
  logI_weighted: 1
  q_range: [0.0, .inf]
noise:
  model: flat
  parameters:
    I0:
      bounds: [0.0, .inf]
      constraint_expr: null
      fixed: 0
      value: 7.921164374595133
sample_metadata: {data_file: '', experiment_id: '', notes: '', sample_id: '', source_wavelength: 0.0,
  time: 0.0}
