features: {I_fluctuation: 2.3447269692113766, Ilowq_over_Imean: 0.888617112189311,
  Imax_over_Imean: 1.1105116784797644, Imax_sharpness: 1.1196298069618167, best_hump_qwidth: 0.0001777059696427511,
  best_hump_qwidth_log: 7.983093166356104e-05, best_trough_qwidth: 0.0001777059696427511,
  best_trough_qwidth_log: 7.983093166356104e-05, logI_fluctuation: 1.862138446707553,
  logI_max_over_std: 24.235614012864016, pearson_expq: 0.37967164395872754, pearson_invexpq: -0.43673627465364273,
  pearson_q: 0.40826309165862945, pearson_q2: 0.3070566713568646, q_Icentroid: 0.3147746313615035,
  q_best_hump: 0.038678068373492525, q_best_hump_log: 0.03485928216570722, q_best_trough: 0.038678068373492525,
  q_best_trough_log: 0.03485928216570722, q_logIcentroid: 0.31306091573149436, r_fftIcentroid: 0.15943976325028472}
fit_report:
  converged: 1
  error_weighted: 1
  final_objective: 0.0032496115440106958
  fit_snr: 14.019632758090275
  good_fit: 1
  initial_objective: 78.84505158549763
  logI_weighted: 1
  q_range: [0.0, .inf]
noise:
  model: flat
  parameters:
    I0:
      bounds: [0.0, .inf]
      constraint_expr: null
      fixed: 0
      value: 7.181695609581288
sample_metadata: {data_file: R12cooling2rd_0083_dz_bgsub.dat, experiment_id: R12_201607,
  notes: '', sample_id: R12_201607_1468039863, source_wavelength: 0.826562, time: 0.0}
