features: {I_fluctuation: 1.6342051880796389, Ilowq_over_Imean: 0.892934700778017,
  Imax_over_Imean: 1.0627150064657673, Imax_sharpness: 1.0450376392927856, best_hump_qwidth: 0.00011834353773721718,
  best_hump_qwidth_log: 6.43656799116228e-05, best_trough_qwidth: 0.00011834353773721718,
  best_trough_qwidth_log: 6.43656799116228e-05, logI_fluctuation: 1.1936666039349197,
  logI_max_over_std: 21.78507866098381, pearson_expq: 0.3030126069097548, pearson_invexpq: -0.35391864477320767,
  pearson_q: 0.32816660429746547, pearson_q2: 0.23892601078538958, q_Icentroid: 0.3139306969309714,
  q_best_hump: 0.03555953313425825, q_best_hump_log: 0.0337539494859555, q_best_trough: 0.03555953313425825,
  q_best_trough_log: 0.0337539494859555, q_logIcentroid: 0.3125609120414886, r_fftIcentroid: 0.15150529422821804}
fit_report:
  converged: 1
  error_weighted: 1
  final_objective: 0.003398872863860162
  fit_snr: 13.626045115893616
  good_fit: 1
  initial_objective: 81.57846569475211
  logI_weighted: 1
  q_range: [0.0, .inf]
noise:
  model: flat
  parameters:
    I0:
      bounds: [0.0, .inf]
      constraint_expr: null
      fixed: 0
      value: 8.365665824766566
sample_metadata: {data_file: '', experiment_id: '', notes: '', sample_id: '', source_wavelength: 0.0,
  time: 0.0}
