features: {I_fluctuation: 2.850803005824023, Ilowq_over_Imean: 0.8736323217059145,
  Imax_over_Imean: 1.051678374191127, Imax_sharpness: 1.0439791701393504, best_hump_qwidth: 0.00018389318378452676,
  best_hump_qwidth_log: 7.702518043294971e-05, best_trough_qwidth: 0.00018389318378452676,
  best_trough_qwidth_log: 7.702518043294971e-05, logI_fluctuation: 1.7076761868104886,
  logI_max_over_std: 11.907514026199225, pearson_expq: 0.2780688864439069, pearson_invexpq: -0.32616951897139795,
  pearson_q: 0.30164864300414956, pearson_q2: 0.21758471439459198, q_Icentroid: 0.3143593139387404,
  q_best_hump: 0.03828572031952321, q_best_hump_log: 0.034354482142254505, q_best_trough: 0.03828572031952321,
  q_best_trough_log: 0.034354482142254505, q_logIcentroid: 0.31376883624767204, r_fftIcentroid: 0.13996036362060027}
fit_report:
  converged: 1
  error_weighted: 1
  final_objective: 0.0052936028975464604
  fit_snr: 11.334017110320486
  good_fit: 1
  initial_objective: 74.03452833196462
  logI_weighted: 1
  q_range: [0.0, .inf]
noise:
  model: flat
  parameters:
    I0:
      bounds: [0.0, .inf]
      constraint_expr: null
      fixed: 0
      value: 5.453591798250118
sample_metadata: {data_file: R12cooling2rd_0092_dz_bgsub.dat, experiment_id: R12_201607,
  notes: '', sample_id: R12_201607_1468039934, source_wavelength: 0.826562, time: 0.0}
