features: {I_fluctuation: 1.579753162743965, Ilowq_over_Imean: 0.8885810978681467,
  Imax_over_Imean: 1.029381194760055, Imax_sharpness: 1.0125185622875905, best_hump_qwidth: 0.0001248475979814031,
  best_hump_qwidth_log: 6.67466811381241e-05, best_trough_qwidth: 0.0001248475979814031,
  best_trough_qwidth_log: 6.67466811381241e-05, logI_fluctuation: 1.131865127651976,
  logI_max_over_std: 21.333002762866393, pearson_expq: 0.3213024725685911, pearson_invexpq: -0.3740059813300482,
  pearson_q: 0.34740053198709425, pearson_q2: 0.2547938268977353, q_Icentroid: 0.314222420023309,
  q_best_hump: 0.03562460029801162, q_best_hump_log: 0.033800473781241513, q_best_trough: 0.03562460029801162,
  q_best_trough_log: 0.033800473781241513, q_logIcentroid: 0.3127126850621023, r_fftIcentroid: 0.15127992026104706}
fit_report:
  converged: 1
  error_weighted: 1
  final_objective: 0.003539829086675062
  fit_snr: 13.457424193225625
  good_fit: 1
  initial_objective: 81.54082363597286
  logI_weighted: 1
  q_range: [0.0, .inf]
noise:
  model: flat
  parameters:
    I0:
      bounds: [0.0, .inf]
      constraint_expr: null
      fixed: 0
      value: 8.348153265416649
sample_metadata: {data_file: '', experiment_id: '', notes: '', sample_id: '', source_wavelength: 0.0,
  time: 0.0}
