features: {I_fluctuation: 4.118363918900699, Ilowq_over_Imean: 0.8944534357995789,
  Imax_over_Imean: 1.1015795540019389, Imax_sharpness: 1.0932287329487973, best_hump_qwidth: 9.640566414761361e-05,
  best_hump_qwidth_log: 5.4857605706567836e-05, best_trough_qwidth: 9.640566414761361e-05,
  best_trough_qwidth_log: 5.4857605706567836e-05, logI_fluctuation: 2.114155736432298,
  logI_max_over_std: 12.412204230748364, pearson_expq: 0.2225456979637921, pearson_invexpq: -0.2702194118171891,
  pearson_q: 0.24584385173537646, pearson_q2: 0.16399053405223696, q_Icentroid: 0.3131617621326933,
  q_best_hump: 0.03488134527132708, q_best_hump_log: 0.03325513544407793, q_best_trough: 0.03488134527132708,
  q_best_trough_log: 0.03325513544407793, q_logIcentroid: 0.31308931556315084, r_fftIcentroid: 0.1478642786737796}
fit_report:
  converged: 1
  error_weighted: 1
  final_objective: 0.003914121284375078
  fit_snr: 12.60105647752101
  good_fit: 1
  initial_objective: 71.3054725391911
  logI_weighted: 1
  q_range: [0.0, .inf]
noise:
  model: flat
  parameters:
    I0:
      bounds: [0.0, .inf]
      constraint_expr: null
      fixed: 0
      value: 4.647192764250161
sample_metadata: {data_file: R12cooling2rd_0060_dz_bgsub.dat, experiment_id: R12_201607,
  notes: '', sample_id: R12_201607_1468039622, source_wavelength: 0.826562, time: 0.0}
