features: {I_fluctuation: 2.1779302181263946, Ilowq_over_Imean: 0.9263773701510231,
  Imax_over_Imean: 1.0360924400890037, Imax_sharpness: 1.0181352595383029, best_hump_qwidth: 7.619886189808844e-05,
  best_hump_qwidth_log: 4.960780711340096e-05, best_trough_qwidth: 7.619886189808844e-05,
  best_trough_qwidth_log: 4.960780711340096e-05, logI_fluctuation: 1.833858487620201,
  logI_max_over_std: 26.222907999359606, pearson_expq: 0.31642816602768103, pearson_invexpq: -0.3617280078058572,
  pearson_q: 0.33922370010508013, pearson_q2: 0.25845540884993834, q_Icentroid: 0.31347127501359967,
  q_best_hump: 0.033374954965844805, q_best_hump_log: 0.0328164204997074, q_best_trough: 0.033374954965844805,
  q_best_trough_log: 0.0328164204997074, q_logIcentroid: 0.3123344518355797, r_fftIcentroid: 0.16543591313285316}
fit_report:
  converged: 1
  error_weighted: 1
  final_objective: 0.002147572117453664
  fit_snr: 15.87120074860663
  good_fit: 1
  initial_objective: 77.9679833154058
  logI_weighted: 1
  q_range: [0.0, .inf]
noise:
  model: flat
  parameters:
    I0:
      bounds: [0.0, .inf]
      constraint_expr: null
      fixed: 0
      value: 6.835097893254157
sample_metadata: {data_file: R12cooling2rd_0081_dz_bgsub.dat, experiment_id: R12_201607,
  notes: '', sample_id: R12_201607_1468039848, source_wavelength: 0.826562, time: 0.0}
