features: {I_fluctuation: 1.5992090031442951, Ilowq_over_Imean: 0.8874781906386936,
  Imax_over_Imean: 1.0427609232062938, Imax_sharpness: 1.016198985637053, best_hump_qwidth: 0.00011310672200598023,
  best_hump_qwidth_log: 6.269303176093202e-05, best_trough_qwidth: 0.00011310672200598023,
  best_trough_qwidth_log: 6.269303176093202e-05, logI_fluctuation: 1.2525786001576489,
  logI_max_over_std: 23.161380748379, pearson_expq: 0.41251478721545426, pearson_invexpq: -0.46474558944084604,
  pearson_q: 0.43876008119540744, pearson_q2: 0.34433730359128717, q_Icentroid: 0.3151115840129836,
  q_best_hump: 0.034419862874497664, q_best_hump_log: 0.033234753840166054, q_best_trough: 0.034419862874497664,
  q_best_trough_log: 0.033234753840166054, q_logIcentroid: 0.31310176374198123, r_fftIcentroid: 0.1561259795192952}
fit_report:
  converged: 1
  error_weighted: 1
  final_objective: 0.0031187290086163574
  fit_snr: 14.098030396923376
  good_fit: 1
  initial_objective: 80.65402638273335
  logI_weighted: 1
  q_range: [0.0, .inf]
noise:
  model: flat
  parameters:
    I0:
      bounds: [0.0, .inf]
      constraint_expr: null
      fixed: 0
      value: 7.947279599718424
sample_metadata: {data_file: '', experiment_id: '', notes: '', sample_id: '', source_wavelength: 0.0,
  time: 0.0}
