features: {I_fluctuation: 1.8527920133823725, Ilowq_over_Imean: 0.8891741972034707,
  Imax_over_Imean: 1.0324295326364297, Imax_sharpness: 1.0183666125437005, best_hump_qwidth: 0.00011709315551228775,
  best_hump_qwidth_log: 6.506418504267384e-05, best_trough_qwidth: 0.00011709315551228775,
  best_trough_qwidth_log: 6.506418504267384e-05, logI_fluctuation: 1.3949597527742115,
  logI_max_over_std: 23.331516157305963, pearson_expq: 0.3316677472077781, pearson_invexpq: -0.38495660875831367,
  pearson_q: 0.35810544949848905, pearson_q2: 0.2642831306626024, q_Icentroid: 0.3141954897931541,
  q_best_hump: 0.034997956011157516, q_best_hump_log: 0.033589729331912344, q_best_trough: 0.034997956011157516,
  q_best_trough_log: 0.033589729331912344, q_logIcentroid: 0.31263673053028057, r_fftIcentroid: 0.1543565227891654}
fit_report:
  converged: 1
  error_weighted: 1
  final_objective: 0.0032214880616024473
  fit_snr: 13.954987712114256
  good_fit: 1
  initial_objective: 81.68360426375921
  logI_weighted: 1
  q_range: [0.0, .inf]
noise:
  model: flat
  parameters:
    I0:
      bounds: [0.0, .inf]
      constraint_expr: null
      fixed: 0
      value: 8.414591794536964
sample_metadata: {data_file: '', experiment_id: '', notes: '', sample_id: '', source_wavelength: 0.0,
  time: 0.0}
