features: {I_fluctuation: 3.5539383673406766, Ilowq_over_Imean: 0.9381456367163733,
  Imax_over_Imean: 1.083157525118906, Imax_sharpness: 1.0639874972820977, best_hump_qwidth: 9.27431533655756e-05,
  best_hump_qwidth_log: 5.742146866957492e-05, best_trough_qwidth: 9.27431533655756e-05,
  best_trough_qwidth_log: 5.742146866957492e-05, logI_fluctuation: 3.627242596393071,
  logI_max_over_std: 28.67091633305069, pearson_expq: 0.16985511947733864, pearson_invexpq: -0.2059209704143793,
  pearson_q: 0.18729046073446462, pearson_q2: 0.12533188342272947, q_Icentroid: 0.31175808077742595,
  q_best_hump: 0.034268841797548744, q_best_hump_log: 0.033596557216332534, q_best_trough: 0.034268841797548744,
  q_best_trough_log: 0.033596557216332534, q_logIcentroid: 0.3115672566286376, r_fftIcentroid: 0.17676306340128037}
fit_report:
  converged: 1
  error_weighted: 1
  final_objective: 0.0018595067703466883
  fit_snr: 16.729732629273652
  good_fit: 1
  initial_objective: 72.44221903875594
  logI_weighted: 1
  q_range: [0.0, .inf]
noise:
  model: flat
  parameters:
    I0:
      bounds: [0.0, .inf]
      constraint_expr: null
      fixed: 0
      value: 4.970100165862123
sample_metadata: {data_file: '', experiment_id: '', notes: '', sample_id: '', source_wavelength: 0.0,
  time: 0.0}
