features: {I_fluctuation: 1.7112752367780015, Ilowq_over_Imean: 0.8884986556059478,
  Imax_over_Imean: 1.0331464073439915, Imax_sharpness: 1.0210126950982015, best_hump_qwidth: 0.00012659606474489546,
  best_hump_qwidth_log: 6.798458901363265e-05, best_trough_qwidth: 0.00012659606474489546,
  best_trough_qwidth_log: 6.798458901363265e-05, logI_fluctuation: 1.3005794341446557,
  logI_max_over_std: 22.710870777044338, pearson_expq: 0.38054409110326376, pearson_invexpq: -0.43048011983101536,
  pearson_q: 0.4055478000297607, pearson_q2: 0.3156774890136239, q_Icentroid: 0.3148670726106706,
  q_best_hump: 0.03555876854425016, q_best_hump_log: 0.033824648879282604, q_best_trough: 0.03555876854425016,
  q_best_trough_log: 0.033824648879282604, q_logIcentroid: 0.3129681731041964, r_fftIcentroid: 0.15328718305855105}
fit_report:
  converged: 1
  error_weighted: 1
  final_objective: 0.0034224781628036274
  fit_snr: 13.67409711165719
  good_fit: 1
  initial_objective: 81.67911061530253
  logI_weighted: 1
  q_range: [0.0, .inf]
noise:
  model: flat
  parameters:
    I0:
      bounds: [0.0, .inf]
      constraint_expr: null
      fixed: 0
      value: 8.412367823529793
sample_metadata: {data_file: R12cooling2rd_0107_dz_bgsub.dat, experiment_id: R12_201607,
  notes: '', sample_id: R12_201607_1468040050, source_wavelength: 0.826562, time: 0.0}
