features: {I_fluctuation: 0.3902874854057166, Ilowq_over_Imean: 1.9574151101490915,
  Imax_over_Imean: 58.53818089257005, Imax_sharpness: 3.347198652687029, best_hump_qwidth: 0.00027268685046833346,
  best_hump_qwidth_log: 0.001390050342405932, best_trough_qwidth: 0.08326440101142499,
  best_trough_qwidth_log: 0.061231117422222106, logI_fluctuation: 2.9369499747936456,
  logI_max_over_std: 3.918515417664485, pearson_expq: -0.2664570817551761, pearson_invexpq: 0.2924873309358374,
  pearson_q: -0.2802489124726975, pearson_q2: -0.23131144316937186, q_Icentroid: 0.09602462461440711,
  q_best_hump: 0.09555175435732924, q_best_hump_log: 0.09775022924707488, q_best_trough: 0.0039647266876028375,
  q_best_trough_log: 0.013851952109135812, q_logIcentroid: 0.0731392594182133, r_fftIcentroid: 0.09624730489870381}
fit_report:
  converged: 1
  error_weighted: 1
  final_objective: 0.05323053383097846
  fit_snr: 1.843970762741994
  good_fit: 1
  initial_objective: 0.060349578130730976
  logI_weighted: 1
  q_range: [0.03, .inf]
  source_wavelength: 0.799898
noise:
  model: low_q_scatter
  parameters:
    I0:
      bounds: [1.0e-12, .inf]
      constraint_expr: null
      fixed: 0
      value: 142.1601689124835
    I0_flat_fraction:
      bounds: [0.0, 1.0]
      constraint_expr: null
      fixed: 0
      value: 0.0036558913844327856
    effective_D:
      bounds: [0.0, 4.0]
      constraint_expr: null
      fixed: 0
      value: 2.3805907634735837
    effective_rg:
      bounds: [0.1, .inf]
      constraint_expr: null
      fixed: 0
      value: 34.22690123980716
sample_metadata: {data_file: B_240C_15min_0212160917_0001_dz_bgsub.dat, experiment_id: RxnB_201602,
  notes: '', sample_id: RxnB_201602_1455322169, source_wavelength: 0.799898, time: 1455322169.0}
superlattice:
  form: spherical
  parameters:
    I0:
      bounds: [0.0, .inf]
      constraint_expr: null
      fixed: 0
      value: 20.491646261041407
    a:
      bounds: [0.1, .inf]
      constraint_expr: null
      fixed: 0
      value: 114.98987548295459
    hwhm_g:
      bounds: [1.0e-09, .inf]
      constraint_expr: null
      fixed: 0
      value: 0.0012363905934164032
    hwhm_l:
      bounds: [1.0e-09, .inf]
      constraint_expr: null
      fixed: 0
      value: 0.0016766256455534867
    r:
      bounds: [0.1, .inf]
      constraint_expr: null
      fixed: 0
      value: 32.016402881311095
  settings: {distribution: single, integration_mode: spherical, lattice: F_cubic,
    lorentz_correction: 1, polarization_correction: 1, profile: voigt, q_max: 0.35,
    q_min: 0.0, space_group: Fm-3m, structure_factor_mode: radial, texture: random,
    use_symmetry: 1}
  structure: crystalline
