ODE_extra_flowrate: 22.999454304270103
ODE_extra_fraction: 0.27832056682852807
ODE_extra_setpoint: 22.994577528019462
ODE_flowrate: 0.03206934450331115
ODE_setpoint: 0.0
Pd_TOP_flowrate: 49.968856439859984
Pd_TOP_setpoint: 49.73982688350987
TOP_flowrate: 0.3264568419891186
TOP_fraction: 0.00418828288077787
TOP_setpoint: 0.34604541754688806
T_read_A: 234.314
T_set: 234.32152272910128
experiment_id: RxnA_201903
exposure_time: 10.0
flowrate: 82.61889826887447
flowreactor_design_categorical_constraints: {crystalline_flag: 0, dilute_sphere_flag: 1,
  disordered_flag: 0}
flowreactor_design_constraints: {r0_sphere: 27.69824556800096}
flowreactor_design_domain:
  ODE_extra_fraction: [0.0, 0.3]
  TOP_fraction: [0.0, 0.3]
  T_set: [220.0, 310.0]
  flowrate: [20.0, 100.0]
  oleylamine_fraction: [0.0, 0.3]
flowreactor_design_mode: MPI_exploitation
flowreactor_design_range_constraints:
  I0_fraction_sphere: [0.9, 1.0]
  I0_sphere: [10.0, 1000000.0]
  sigma_sphere: [0.0, 0.1]
oleylamine_flowrate: 9.586803783663173
oleylamine_fraction: 0.11545110519583479
oleylamine_setpoint: 9.538505205548407
sample_id: RxnA_201903_1552060346
source_wavelength: 0.799898
time: 1552061594.765698
