features: {I_fluctuation: 0.23137412292006684, Ilowq_over_Imean: 2.22104973139873,
  Imax_over_Imean: 25.510535824431706, Imax_sharpness: 1.6372076671369253, best_hump_qwidth: 0.00025970213030409987,
  best_hump_qwidth_log: 0.0012456281002915946, best_trough_qwidth: 0.024784366200353663,
  best_trough_qwidth_log: 0.0050381487339128716, logI_fluctuation: 5.069076307214746,
  logI_max_over_std: 3.1329403484681335, pearson_expq: -0.37268139096954167, pearson_invexpq: 0.4100908566165685,
  pearson_q: -0.39235970755405203, pearson_q2: -0.3223770199443006, q_Icentroid: 0.10253723341163865,
  q_best_hump: 0.09497464012738113, q_best_hump_log: 0.09571299820241352, q_best_trough: 0.13907025568053663,
  q_best_trough_log: 0.13933656632337751, q_logIcentroid: -0.680223513515346, r_fftIcentroid: 0.06812951808287021}
fit_report:
  converged: 1
  error_weighted: 1
  final_objective: 0.02511748039440559
  fit_snr: 3.423292758334757
  good_fit: 0
  initial_objective: 1.34475057460697
  logI_weighted: 1
  q_range: [0.0, .inf]
  source_wavelength: 0.799898
noise:
  model: low_q_scatter
  parameters:
    I0:
      bounds: [0.0, .inf]
      constraint_expr: null
      fixed: 0
      value: 258.4002096734053
    I0_flat_fraction:
      bounds: [0.0, 1.0]
      constraint_expr: null
      fixed: 0
      value: 0.00032169105837903667
    effective_D:
      bounds: [0.0, 4.0]
      constraint_expr: null
      fixed: 0
      value: 1.5671975611635436
    effective_rg:
      bounds: [1.0, .inf]
      constraint_expr: null
      fixed: 0
      value: 140.26984454387235
sample_metadata: {data_file: R7_SAXS_0043_dz_bgsub.dat, experiment_id: R7_201611,
  notes: '', sample_id: R7_201611_1479789085, source_wavelength: 0.799898, time: 1479789085.0}
superlattice:
  form: spherical
  parameters:
    I0:
      bounds: [0.0, .inf]
      constraint_expr: null
      fixed: 0
      value: 1.5237291685943437
    a:
      bounds: [0.1, .inf]
      constraint_expr: null
      fixed: 0
      value: 113.81128472855869
    hwhm_g:
      bounds: [1.0e-09, .inf]
      constraint_expr: null
      fixed: 0
      value: 0.005319925612888743
    hwhm_l:
      bounds: [1.0e-09, .inf]
      constraint_expr: null
      fixed: 0
      value: 0.0008905712382661912
    r:
      bounds: [0.1, .inf]
      constraint_expr: null
      fixed: 0
      value: 32.15245245638898
  settings: {distribution: single, integration_mode: spherical, lattice: F_cubic,
    lorentz_correction: 1, polarization_correction: 1, profile: voigt, q_max: 0.3,
    q_min: 0.0, space_group: Fm-3m, structure_factor_mode: radial, texture: random,
    use_symmetry: 1}
  structure: crystalline
