features: {I_fluctuation: 0.13876818418254627, Ilowq_over_Imean: 4.525699865535283,
  Imax_over_Imean: 41.272066299139425, Imax_sharpness: 1.8573305707704988, best_hump_qwidth: 0.0002469963045963316,
  best_hump_qwidth_log: 0.0011361105994275396, best_trough_qwidth: 0.00211747433823306,
  best_trough_qwidth_log: 0.004143024192150351, logI_fluctuation: 5.250198173662566,
  logI_max_over_std: 3.4595413994244875, pearson_expq: -0.3062992804977394, pearson_invexpq: 0.34242125424266245,
  pearson_q: -0.32498340738360526, pearson_q2: -0.25893925996974515, q_Icentroid: 0.08585212980409092,
  q_best_hump: 0.07848070746248767, q_best_hump_log: 0.07928069236558102, q_best_trough: 0.04234735737401718,
  q_best_trough_log: 0.04679166199666224, q_logIcentroid: -0.38202366624914325, r_fftIcentroid: 0.06525335661853597}
fit_report:
  converged: 1
  error_weighted: 1
  final_objective: 0.036271449893610724
  fit_snr: 2.1418291326533554
  good_fit: 0
  initial_objective: 0.21344182796548372
  logI_weighted: 1
  q_range: [0.0, .inf]
  source_wavelength: 0.799898
noise:
  model: low_q_scatter
  parameters:
    I0:
      bounds: [0.0, .inf]
      constraint_expr: null
      fixed: 0
      value: 721.7490809724729
    I0_flat_fraction:
      bounds: [0.0, 1.0]
      constraint_expr: null
      fixed: 0
      value: 0.00022922273886777367
    effective_D:
      bounds: [0.0, 4.0]
      constraint_expr: null
      fixed: 0
      value: 1.8618996467643967
    effective_rg:
      bounds: [1.0, .inf]
      constraint_expr: null
      fixed: 0
      value: 156.7414982500905
sample_metadata: {data_file: R7_SAXS_0049_dz_bgsub.dat, experiment_id: R7_201611,
  notes: '', sample_id: R7_201611_1479789151, source_wavelength: 0.799898, time: 1479789151.0}
superlattice:
  form: spherical
  parameters:
    I0:
      bounds: [0.0, .inf]
      constraint_expr: null
      fixed: 0
      value: 4.254084144017513
    a:
      bounds: [0.1, .inf]
      constraint_expr: null
      fixed: 0
      value: 137.16907994610406
    hwhm_g:
      bounds: [1.0e-09, .inf]
      constraint_expr: null
      fixed: 0
      value: 0.0041855622123502245
    hwhm_l:
      bounds: [1.0e-09, .inf]
      constraint_expr: null
      fixed: 0
      value: 0.000498278754616277
    r:
      bounds: [0.1, .inf]
      constraint_expr: null
      fixed: 0
      value: 40.666620114440235
  settings: {distribution: single, integration_mode: spherical, lattice: F_cubic,
    lorentz_correction: 1, polarization_correction: 1, profile: voigt, q_max: 0.3,
    q_min: 0.0, space_group: Fm-3m, structure_factor_mode: radial, texture: random,
    use_symmetry: 1}
  structure: crystalline
