features: {I_fluctuation: 0.10590370712836657, Ilowq_over_Imean: 6.5472966903579675,
  Imax_over_Imean: 44.192991930370766, Imax_sharpness: 1.9456185678428333, best_hump_qwidth: 0.0002382594026469954,
  best_hump_qwidth_log: 0.0010797333710096725, best_trough_qwidth: 0.0018054220954641447,
  best_trough_qwidth_log: 0.004025992975696097, logI_fluctuation: 5.581775198223234,
  logI_max_over_std: 3.4035128226171767, pearson_expq: -0.2996719839028568, pearson_invexpq: 0.3363816468474207,
  pearson_q: -0.3185811934601503, pearson_q2: -0.25179786233473217, q_Icentroid: 0.08200498104212214,
  q_best_hump: 0.07584170478765856, q_best_hump_log: 0.07623333242087496, q_best_trough: 0.04059214511935738,
  q_best_trough_log: 0.04563801798887823, q_logIcentroid: -0.4690162526048513, r_fftIcentroid: 0.06598404781842578}
fit_report:
  converged: 1
  error_weighted: 1
  final_objective: 0.03672610468846311
  fit_snr: 2.0203506122032113
  good_fit: 0
  initial_objective: 0.10301736084207447
  logI_weighted: 1
  q_range: [0.0, .inf]
  source_wavelength: 0.799898
noise:
  model: low_q_scatter
  parameters:
    I0:
      bounds: [0.0, .inf]
      constraint_expr: null
      fixed: 0
      value: 280.6447307374982
    I0_flat_fraction:
      bounds: [0.0, 1.0]
      constraint_expr: null
      fixed: 0
      value: 0.000638848123265201
    effective_D:
      bounds: [0.0, 4.0]
      constraint_expr: null
      fixed: 0
      value: 1.9875545795417084
    effective_rg:
      bounds: [1.0, .inf]
      constraint_expr: null
      fixed: 0
      value: 85.27907248165054
sample_metadata: {data_file: R7_SAXS_0051_dz_bgsub.dat, experiment_id: R7_201611,
  notes: '', sample_id: R7_201611_1479789173, source_wavelength: 0.799898, time: 1479789173.0}
superlattice:
  form: spherical
  parameters:
    I0:
      bounds: [0.0, .inf]
      constraint_expr: null
      fixed: 0
      value: 5.9145658115777024
    a:
      bounds: [0.1, .inf]
      constraint_expr: null
      fixed: 0
      value: 142.5320692893159
    hwhm_g:
      bounds: [1.0e-09, .inf]
      constraint_expr: null
      fixed: 0
      value: 0.003940922159319515
    hwhm_l:
      bounds: [1.0e-09, .inf]
      constraint_expr: null
      fixed: 0
      value: 0.0005080030419809534
    r:
      bounds: [0.1, .inf]
      constraint_expr: null
      fixed: 0
      value: 42.60973401742263
  settings: {distribution: single, integration_mode: spherical, lattice: F_cubic,
    lorentz_correction: 1, polarization_correction: 1, profile: voigt, q_max: 0.3,
    q_min: 0.0, space_group: Fm-3m, structure_factor_mode: radial, texture: random,
    use_symmetry: 1}
  structure: crystalline
