features: {I_fluctuation: 0.06475330717399361, Ilowq_over_Imean: 8.162420799213619,
  Imax_over_Imean: 48.92665713707991, Imax_sharpness: 1.8988642918517706, best_hump_qwidth: 0.0005768290989956659,
  best_hump_qwidth_log: 0.0040731546528351694, best_trough_qwidth: 0.0012652153503169637,
  best_trough_qwidth_log: 0.003555904414630321, logI_fluctuation: 4.0383499768964635,
  logI_max_over_std: 3.658915021983711, pearson_expq: -0.2895874892146736, pearson_invexpq: 0.32753317048728586,
  pearson_q: -0.30898831816498973, pearson_q2: -0.24054107816738352, q_Icentroid: 0.07650154842425808,
  q_best_hump: 0.0459357735521399, q_best_hump_log: 0.03691030326405009, q_best_trough: 0.036477956516362764,
  q_best_trough_log: 0.042973111913073736, q_logIcentroid: -0.16565212246483682, r_fftIcentroid: 0.06901083556852139}
fit_report:
  converged: 1
  error_weighted: 1
  final_objective: 0.03525099987061178
  fit_snr: 1.8609904464180218
  good_fit: 0
  initial_objective: 0.18676867823667065
  logI_weighted: 1
  q_range: [0.0, .inf]
  source_wavelength: 0.799898
noise:
  model: low_q_scatter
  parameters:
    I0:
      bounds: [0.0, .inf]
      constraint_expr: null
      fixed: 0
      value: 1111.310229804127
    I0_flat_fraction:
      bounds: [0.0, 1.0]
      constraint_expr: null
      fixed: 0
      value: 0.0002300236567537861
    effective_D:
      bounds: [0.0, 4.0]
      constraint_expr: null
      fixed: 0
      value: 2.075528806394485
    effective_rg:
      bounds: [1.0, .inf]
      constraint_expr: null
      fixed: 0
      value: 143.8027334834109
sample_metadata: {data_file: R7_SAXS_0067_dz_bgsub.dat, experiment_id: R7_201611,
  notes: '', sample_id: R7_201611_1479789352, source_wavelength: 0.799898, time: 1479789352.0}
superlattice:
  form: spherical
  parameters:
    I0:
      bounds: [0.0, .inf]
      constraint_expr: null
      fixed: 0
      value: 10.723035338761644
    a:
      bounds: [0.1, .inf]
      constraint_expr: null
      fixed: 0
      value: 154.81437098105278
    hwhm_g:
      bounds: [1.0e-09, .inf]
      constraint_expr: null
      fixed: 0
      value: 0.0035291432826146663
    hwhm_l:
      bounds: [1.0e-09, .inf]
      constraint_expr: null
      fixed: 0
      value: 0.0004887663480835913
    r:
      bounds: [0.1, .inf]
      constraint_expr: null
      fixed: 0
      value: 47.26073049139183
  settings: {distribution: single, integration_mode: spherical, lattice: F_cubic,
    lorentz_correction: 1, polarization_correction: 1, profile: voigt, q_max: 0.3,
    q_min: 0.0, space_group: Fm-3m, structure_factor_mode: radial, texture: random,
    use_symmetry: 1}
  structure: crystalline
