features: {I_fluctuation: 0.2217382150725956, Ilowq_over_Imean: 8.156361887679111,
  Imax_over_Imean: 49.09479975134383, Imax_sharpness: 1.8872105106880137, best_hump_qwidth: 0.0005405790700000548,
  best_hump_qwidth_log: 0.004031041953740189, best_trough_qwidth: 0.0013137198805124996,
  best_trough_qwidth_log: 0.0038502798988501227, logI_fluctuation: 4.94709535783302,
  logI_max_over_std: 3.488306515148212, pearson_expq: -0.28951094961174323, pearson_invexpq: 0.3273477905661305,
  pearson_q: -0.3088620108941203, pearson_q2: -0.24058906040561284, q_Icentroid: 0.0760259014929767,
  q_best_hump: 0.046606930739996055, q_best_hump_log: 0.03802313611286101, q_best_trough: 0.03658331556060668,
  q_best_trough_log: 0.04332843617903026, q_logIcentroid: -0.3324379330711323, r_fftIcentroid: 0.06831875017526218}
fit_report:
  converged: 1
  error_weighted: 1
  final_objective: 0.035413747201512066
  fit_snr: 1.8741423400786572
  good_fit: 0
  initial_objective: 0.1904799245686125
  logI_weighted: 1
  q_range: [0.0, .inf]
  source_wavelength: 0.799898
noise:
  model: low_q_scatter
  parameters:
    I0:
      bounds: [0.0, .inf]
      constraint_expr: null
      fixed: 0
      value: 3202.0739811149965
    I0_flat_fraction:
      bounds: [0.0, 1.0]
      constraint_expr: null
      fixed: 0
      value: 4.9759268652249666e-05
    effective_D:
      bounds: [0.0, 4.0]
      constraint_expr: null
      fixed: 0
      value: 2.0346950484827104
    effective_rg:
      bounds: [1.0, .inf]
      constraint_expr: null
      fixed: 0
      value: 249.194210618212
sample_metadata: {data_file: R7_SAXS_0063_dz_bgsub.dat, experiment_id: R7_201611,
  notes: '', sample_id: R7_201611_1479789307, source_wavelength: 0.799898, time: 1479789307.0}
superlattice:
  form: spherical
  parameters:
    I0:
      bounds: [0.0, .inf]
      constraint_expr: null
      fixed: 0
      value: 10.623008260166968
    a:
      bounds: [0.1, .inf]
      constraint_expr: null
      fixed: 0
      value: 154.4776690939015
    hwhm_g:
      bounds: [1.0e-09, .inf]
      constraint_expr: null
      fixed: 0
      value: 0.003517100842423626
    hwhm_l:
      bounds: [1.0e-09, .inf]
      constraint_expr: null
      fixed: 0
      value: 0.0004998769139691328
    r:
      bounds: [0.1, .inf]
      constraint_expr: null
      fixed: 0
      value: 47.05568819259629
  settings: {distribution: single, integration_mode: spherical, lattice: F_cubic,
    lorentz_correction: 1, polarization_correction: 1, profile: voigt, q_max: 0.3,
    q_min: 0.0, space_group: Fm-3m, structure_factor_mode: radial, texture: random,
    use_symmetry: 1}
  structure: crystalline
