features: {I_fluctuation: 0.17301884277262392, Ilowq_over_Imean: 3.4062333130494116,
  Imax_over_Imean: 39.06440660384133, Imax_sharpness: 1.8031061331554759, best_hump_qwidth: 0.0002458438787289206,
  best_hump_qwidth_log: 0.001031186634173585, best_trough_qwidth: 0.002253004731288408,
  best_trough_qwidth_log: 0.003758943420782649, logI_fluctuation: 3.9669432918464076,
  logI_max_over_std: 3.775163613930609, pearson_expq: -0.31115582304307715, pearson_invexpq: 0.34707096035216667,
  pearson_q: -0.32977455719006044, pearson_q2: -0.26391855186665286, q_Icentroid: 0.09034342242739313,
  q_best_hump: 0.08046897073451456, q_best_hump_log: 0.08126402354826348, q_best_trough: 0.0434673628531162,
  q_best_trough_log: 0.04713492397958208, q_logIcentroid: -0.08448991201314056, r_fftIcentroid: 0.06486564009362539}
fit_report:
  converged: 1
  error_weighted: 1
  final_objective: 0.034956623880864415
  fit_snr: 2.2652504882045634
  good_fit: 0
  initial_objective: 0.3551220550676741
  logI_weighted: 1
  q_range: [0.0, .inf]
  source_wavelength: 0.799898
noise:
  model: low_q_scatter
  parameters:
    I0:
      bounds: [0.0, .inf]
      constraint_expr: null
      fixed: 0
      value: 1623.3842130821515
    I0_flat_fraction:
      bounds: [0.0, 1.0]
      constraint_expr: null
      fixed: 0
      value: 0.0002249328793394456
    effective_D:
      bounds: [0.0, 4.0]
      constraint_expr: null
      fixed: 0
      value: 1.8518157106828936
    effective_rg:
      bounds: [1.0, .inf]
      constraint_expr: null
      fixed: 0
      value: 253.35383367818147
sample_metadata: {data_file: R7_SAXS_0048_dz_bgsub.dat, experiment_id: R7_201611,
  notes: '', sample_id: R7_201611_1479789141, source_wavelength: 0.799898, time: 1479789141.0}
superlattice:
  form: spherical
  parameters:
    I0:
      bounds: [0.0, .inf]
      constraint_expr: null
      fixed: 0
      value: 3.54650139451869
    a:
      bounds: [0.1, .inf]
      constraint_expr: null
      fixed: 0
      value: 134.0282379243709
    hwhm_g:
      bounds: [1.0e-09, .inf]
      constraint_expr: null
      fixed: 0
      value: 0.00432147547475259
    hwhm_l:
      bounds: [1.0e-09, .inf]
      constraint_expr: null
      fixed: 0
      value: 0.0005027306396060416
    r:
      bounds: [0.1, .inf]
      constraint_expr: null
      fixed: 0
      value: 39.48852872448481
  settings: {distribution: single, integration_mode: spherical, lattice: F_cubic,
    lorentz_correction: 1, polarization_correction: 1, profile: voigt, q_max: 0.3,
    q_min: 0.0, space_group: Fm-3m, structure_factor_mode: radial, texture: random,
    use_symmetry: 1}
  structure: crystalline
