features: {I_fluctuation: 0.1190373735153805, Ilowq_over_Imean: 7.884948592213587,
  Imax_over_Imean: 48.49354182158033, Imax_sharpness: 1.8840481988849722, best_hump_qwidth: 0.001314894350704527,
  best_hump_qwidth_log: 0.014852389867174498, best_trough_qwidth: 0.0014960948206040824,
  best_trough_qwidth_log: 0.004083193489906162, logI_fluctuation: 4.992807898075522,
  logI_max_over_std: 3.5200501587659305, pearson_expq: -0.2913896533499235, pearson_invexpq: 0.32881467661961317,
  pearson_q: -0.3105674283557636, pearson_q2: -0.24289130430670336, q_Icentroid: 0.07770990371403005,
  q_best_hump: 0.035359173881274464, q_best_hump_log: -0.012711569653721833, q_best_trough: 0.03789619027227653,
  q_best_trough_log: 0.04476991786178425, q_logIcentroid: -0.31272858877204496, r_fftIcentroid: 0.06810904216772802}
fit_report:
  converged: 1
  error_weighted: 1
  final_objective: 0.035867017248055806
  fit_snr: 1.8809470558597805
  good_fit: 0
  initial_objective: 0.11882900041222452
  logI_weighted: 1
  q_range: [0.0, .inf]
  source_wavelength: 0.799898
noise:
  model: low_q_scatter
  parameters:
    I0:
      bounds: [0.0, .inf]
      constraint_expr: null
      fixed: 0
      value: 1157.643032759494
    I0_flat_fraction:
      bounds: [0.0, 1.0]
      constraint_expr: null
      fixed: 0
      value: 0.0001647816820216641
    effective_D:
      bounds: [0.0, 4.0]
      constraint_expr: null
      fixed: 0
      value: 2.045193090361339
    effective_rg:
      bounds: [1.0, .inf]
      constraint_expr: null
      fixed: 0
      value: 153.81648341063342
sample_metadata: {data_file: R7_SAXS_0056_dz_bgsub.dat, experiment_id: R7_201611,
  notes: '', sample_id: R7_201611_1479789229, source_wavelength: 0.799898, time: 1479789229.0}
superlattice:
  form: spherical
  parameters:
    I0:
      bounds: [0.0, .inf]
      constraint_expr: null
      fixed: 0
      value: 9.113016641819963
    a:
      bounds: [0.1, .inf]
      constraint_expr: null
      fixed: 0
      value: 150.918036821664
    hwhm_g:
      bounds: [1.0e-09, .inf]
      constraint_expr: null
      fixed: 0
      value: 0.0036361769022162926
    hwhm_l:
      bounds: [1.0e-09, .inf]
      constraint_expr: null
      fixed: 0
      value: 0.0004975544689703737
    r:
      bounds: [0.1, .inf]
      constraint_expr: null
      fixed: 0
      value: 45.68746969086316
  settings: {distribution: single, integration_mode: spherical, lattice: F_cubic,
    lorentz_correction: 1, polarization_correction: 1, profile: voigt, q_max: 0.3,
    q_min: 0.0, space_group: Fm-3m, structure_factor_mode: radial, texture: random,
    use_symmetry: 1}
  structure: crystalline
