features: {I_fluctuation: 0.1212081995567051, Ilowq_over_Imean: 2.2618733966815534,
  Imax_over_Imean: 34.65313484994101, Imax_sharpness: 1.8037602895955562, best_hump_qwidth: 0.0002548321295207715,
  best_hump_qwidth_log: 0.0012246851813632036, best_trough_qwidth: 0.004732447324576533,
  best_trough_qwidth_log: 0.005608728984478868, logI_fluctuation: 6.145498229172904,
  logI_max_over_std: 3.2723734735877072, pearson_expq: -0.32499567293898785, pearson_invexpq: 0.3606649296961979,
  pearson_q: -0.34358968529838146, pearson_q2: -0.2777260617868073, q_Icentroid: 0.09252848835441736,
  q_best_hump: 0.08498987704643007, q_best_hump_log: 0.08599154007657572, q_best_trough: 0.048573749260475696,
  q_best_trough_log: 0.0505174057977093, q_logIcentroid: -0.6332000759373871, r_fftIcentroid: 0.06567099733074773}
fit_report:
  converged: 1
  error_weighted: 1
  final_objective: 0.03461652905407052
  fit_snr: 2.5300370806477397
  good_fit: 0
  initial_objective: 0.6280731125518328
  logI_weighted: 1
  q_range: [0.0, .inf]
  source_wavelength: 0.799898
noise:
  model: low_q_scatter
  parameters:
    I0:
      bounds: [0.0, .inf]
      constraint_expr: null
      fixed: 0
      value: 791.4997871464271
    I0_flat_fraction:
      bounds: [0.0, 1.0]
      constraint_expr: null
      fixed: 0
      value: 0.00022911555336219136
    effective_D:
      bounds: [0.0, 4.0]
      constraint_expr: null
      fixed: 0
      value: 1.78891115654829
    effective_rg:
      bounds: [1.0, .inf]
      constraint_expr: null
      fixed: 0
      value: 197.84625318616227
sample_metadata: {data_file: R7_SAXS_0046_dz_bgsub.dat, experiment_id: R7_201611,
  notes: '', sample_id: R7_201611_1479789118, source_wavelength: 0.799898, time: 1479789118.0}
superlattice:
  form: spherical
  parameters:
    I0:
      bounds: [0.0, .inf]
      constraint_expr: null
      fixed: 0
      value: 2.547838374596518
    a:
      bounds: [0.1, .inf]
      constraint_expr: null
      fixed: 0
      value: 126.70407896626348
    hwhm_g:
      bounds: [1.0e-09, .inf]
      constraint_expr: null
      fixed: 0
      value: 0.004669124351057152
    hwhm_l:
      bounds: [1.0e-09, .inf]
      constraint_expr: null
      fixed: 0
      value: 0.0005627374253004414
    r:
      bounds: [0.1, .inf]
      constraint_expr: null
      fixed: 0
      value: 36.91112766222995
  settings: {distribution: single, integration_mode: spherical, lattice: F_cubic,
    lorentz_correction: 1, polarization_correction: 1, profile: voigt, q_max: 0.3,
    q_min: 0.0, space_group: Fm-3m, structure_factor_mode: radial, texture: random,
    use_symmetry: 1}
  structure: crystalline
