features: {I_fluctuation: 0.19276814915382534, Ilowq_over_Imean: 7.979628873672423,
  Imax_over_Imean: 48.74568252834237, Imax_sharpness: 1.8799077336826573, best_hump_qwidth: 0.0008252777782757931,
  best_hump_qwidth_log: 0.0070358654799516345, best_trough_qwidth: 0.0014851375278727322,
  best_trough_qwidth_log: 0.00446352325702712, logI_fluctuation: 5.145242625987493,
  logI_max_over_std: 3.3834542689812817, pearson_expq: -0.29087974582862186, pearson_invexpq: 0.32841888475198805,
  pearson_q: -0.3101063021204176, pearson_q2: -0.2422644801974988, q_Icentroid: 0.07676814810528121,
  q_best_hump: 0.043348278844004995, q_best_hump_log: 0.02625850606595942, q_best_trough: 0.03791030089243497,
  q_best_trough_log: 0.045638490645397656, q_logIcentroid: -0.5167466953925482, r_fftIcentroid: 0.06804144716437385}
fit_report:
  converged: 1
  error_weighted: 1
  final_objective: 0.03677533580996134
  fit_snr: 1.8660846642435922
  good_fit: 0
  initial_objective: 0.1413470697481853
  logI_weighted: 1
  q_range: [0.0, .inf]
  source_wavelength: 0.799898
noise:
  model: low_q_scatter
  parameters:
    I0:
      bounds: [0.0, .inf]
      constraint_expr: null
      fixed: 0
      value: 3996.6446226598814
    I0_flat_fraction:
      bounds: [0.0, 1.0]
      constraint_expr: null
      fixed: 0
      value: 3.110052876920122e-05
    effective_D:
      bounds: [0.0, 4.0]
      constraint_expr: null
      fixed: 0
      value: 2.0387172200005144
    effective_rg:
      bounds: [1.0, .inf]
      constraint_expr: null
      fixed: 0
      value: 279.9817218932408
sample_metadata: {data_file: R7_SAXS_0057_dz_bgsub.dat, experiment_id: R7_201611,
  notes: '', sample_id: R7_201611_1479789240, source_wavelength: 0.799898, time: 1479789240.0}
superlattice:
  form: spherical
  parameters:
    I0:
      bounds: [0.0, .inf]
      constraint_expr: null
      fixed: 0
      value: 9.42181596162758
    a:
      bounds: [0.1, .inf]
      constraint_expr: null
      fixed: 0
      value: 151.85416926707637
    hwhm_g:
      bounds: [1.0e-09, .inf]
      constraint_expr: null
      fixed: 0
      value: 0.003616498247338673
    hwhm_l:
      bounds: [1.0e-09, .inf]
      constraint_expr: null
      fixed: 0
      value: 0.0004874295418685337
    r:
      bounds: [0.1, .inf]
      constraint_expr: null
      fixed: 0
      value: 46.098775679421664
  settings: {distribution: single, integration_mode: spherical, lattice: F_cubic,
    lorentz_correction: 1, polarization_correction: 1, profile: voigt, q_max: 0.3,
    q_min: 0.0, space_group: Fm-3m, structure_factor_mode: radial, texture: random,
    use_symmetry: 1}
  structure: crystalline
