features: {I_fluctuation: 0.05074640384016638, Ilowq_over_Imean: 8.166589902788195,
  Imax_over_Imean: 48.7117869845327, Imax_sharpness: 1.8868186079614944, best_hump_qwidth: 0.0005635118238119225,
  best_hump_qwidth_log: 0.004153107490027154, best_trough_qwidth: 0.0013356068067893205,
  best_trough_qwidth_log: 0.004020874752335881, logI_fluctuation: 4.833822798695083,
  logI_max_over_std: 3.553642380566777, pearson_expq: -0.28951298256278546, pearson_invexpq: 0.32742287254270896,
  pearson_q: -0.3088982501226336, pearson_q2: -0.24050940464977158, q_Icentroid: 0.0760848438313113,
  q_best_hump: 0.046174728669202914, q_best_hump_log: 0.03706327889157873, q_best_trough: 0.03673790316894354,
  q_best_trough_log: 0.044301042437685845, q_logIcentroid: -0.25849123228778037, r_fftIcentroid: 0.06832840019736411}
fit_report:
  converged: 1
  error_weighted: 1
  final_objective: 0.03536183015726158
  fit_snr: 1.887686717628698
  good_fit: 0
  initial_objective: 0.19576880747468514
  logI_weighted: 1
  q_range: [0.0, .inf]
  source_wavelength: 0.799898
noise:
  model: low_q_scatter
  parameters:
    I0:
      bounds: [0.0, .inf]
      constraint_expr: null
      fixed: 0
      value: 1888.1182548333757
    I0_flat_fraction:
      bounds: [0.0, 1.0]
      constraint_expr: null
      fixed: 0
      value: 0.00010436065805508044
    effective_D:
      bounds: [0.0, 4.0]
      constraint_expr: null
      fixed: 0
      value: 2.059128795641631
    effective_rg:
      bounds: [1.0, .inf]
      constraint_expr: null
      fixed: 0
      value: 188.46978484313448
sample_metadata: {data_file: R7_SAXS_0065_dz_bgsub.dat, experiment_id: R7_201611,
  notes: '', sample_id: R7_201611_1479789329, source_wavelength: 0.799898, time: 1479789329.0}
superlattice:
  form: spherical
  parameters:
    I0:
      bounds: [0.0, .inf]
      constraint_expr: null
      fixed: 0
      value: 10.862119860919154
    a:
      bounds: [0.1, .inf]
      constraint_expr: null
      fixed: 0
      value: 154.69702237922345
    hwhm_g:
      bounds: [1.0e-09, .inf]
      constraint_expr: null
      fixed: 0
      value: 0.003519031352787416
    hwhm_l:
      bounds: [1.0e-09, .inf]
      constraint_expr: null
      fixed: 0
      value: 0.0004996463395771089
    r:
      bounds: [0.1, .inf]
      constraint_expr: null
      fixed: 0
      value: 47.15948792978712
  settings: {distribution: single, integration_mode: spherical, lattice: F_cubic,
    lorentz_correction: 1, polarization_correction: 1, profile: voigt, q_max: 0.3,
    q_min: 0.0, space_group: Fm-3m, structure_factor_mode: radial, texture: random,
    use_symmetry: 1}
  structure: crystalline
