features: {I_fluctuation: 20.488038374185386, Ilowq_over_Imean: 1.0101493746992092,
  Imax_over_Imean: 1.6142541188415616, Imax_sharpness: 1.5803642188737084, best_hump_qwidth: 0.00257462257941475,
  best_hump_qwidth_log: 0.0021108512058436064, best_trough_qwidth: 0.002185389255861935,
  best_trough_qwidth_log: 0.0018229098627836739, logI_fluctuation: 19.233689341303553,
  logI_max_over_std: -2.9314444487559634, pearson_expq: -0.06264260265750474, pearson_invexpq: 0.04991748521696962,
  pearson_q: -0.05625163318075894, pearson_q2: -0.07475590542920042, q_Icentroid: 0.3084553355737689,
  q_best_hump: 0.08059000516844847, q_best_hump_log: 0.08101151213884103, q_best_trough: 0.08343316898059686,
  q_best_trough_log: 0.083430123155255, q_logIcentroid: 0.3103494384330624, r_fftIcentroid: 0.19778273431457138}
fit_report:
  converged: 1
  error_weighted: 1
  final_objective: 0.02198504284741351
  fit_snr: 6.499152536360921
  good_fit: 1
  initial_objective: 35.743189743761434
  logI_weighted: 1
  q_range: [0.0, .inf]
noise:
  model: flat
  parameters:
    I0:
      bounds: [0.0, .inf]
      constraint_expr: null
      fixed: 0
      value: 0.3941335325750719
sample_metadata: {data_file: flow_rxn_D_28_4_dz_bgsub.dat, experiment_id: RxnD_201806,
  notes: '', sample_id: RxnD_201806_1530175677, source_wavelength: 0.799898, time: 1530175677.588009}
