features: {I_fluctuation: 7.495933459034129, Ilowq_over_Imean: 1.4121452270640054,
  Imax_over_Imean: 4.593017684301218, Imax_sharpness: 1.0208750675145057, best_hump_qwidth: 0.0012439745685421482,
  best_hump_qwidth_log: 0.0005751836095906526, best_trough_qwidth: 0.0012101029680287383,
  best_trough_qwidth_log: 0.0005362989473167605, logI_fluctuation: 9.959229931821083,
  logI_max_over_std: 6.066622517685776, pearson_expq: -0.5483427044060502, pearson_invexpq: 0.5386718065212824,
  pearson_q: -0.5445767623104608, pearson_q2: -0.5446671405523914, q_Icentroid: 0.26453056707867834,
  q_best_hump: 0.07444989906028551, q_best_hump_log: 0.07465271550654523, q_best_trough: 0.07419907006588822,
  q_best_trough_log: 0.07487210708893727, q_logIcentroid: 0.2724171664364397, r_fftIcentroid: 0.1319132926885087}
fit_report:
  converged: 1
  error_weighted: 1
  final_objective: 0.21909462958011652
  fit_snr: 2.1882773335234322
  good_fit: 0
  initial_objective: 66.90699348705812
  logI_weighted: 1
  q_range: [0.0, .inf]
noise:
  model: flat
  parameters:
    I0:
      bounds: [0.0, .inf]
      constraint_expr: null
      fixed: 0
      value: 3.5201845548669954
sample_metadata: {data_file: flow_rxn_D_17_4_dz_bgsub.dat, experiment_id: RxnD_201806,
  notes: '', sample_id: RxnD_201806_1530130222, source_wavelength: 0.799898, time: 1530130222.407466}
