ODE_extra_flowrate: 18.036764321207347
ODE_extra_fraction: 0.2269617640717435
ODE_extra_setpoint: 18.001472209276525
ODE_flowrate: 0.0
ODE_setpoint: 0.0
Pd_TOP_flowrate: 60.216743551407184
Pd_TOP_setpoint: 59.93665009337304
TOP_flowrate: 0.7450565583873762
TOP_fraction: 0.009457034101586508
TOP_setpoint: 0.7500734823309242
T_read_A: 238.9308
T_set: 238.93539882930892
experiment_id: RxnD_201902
exposure_time: 10.0
flowrate: 79.31525603493704
flowreactor_design_categorical_constraints: {crystalline_flag: 0, dilute_sphere_flag: 1,
  disordered_flag: 0}
flowreactor_design_constraints: {r0_sphere: 26.396683744286374}
flowreactor_design_domain:
  ODE_extra_fraction: [0.0, 0.3]
  TOP_fraction: [0.0, 0.3]
  T_set: [220.0, 310.0]
  flowrate: [20.0, 100.0]
  oleylamine_fraction: [0.0, 0.3]
flowreactor_design_mode: MPI_exploitation
flowreactor_design_range_constraints:
  I0_fraction_sphere: [0.9, 1.0]
  I0_sphere: [10.0, 1000000.0]
  sigma_sphere: [0.0, 0.1]
oleylamine_flowrate: 0.6345795941319843
oleylamine_fraction: 0.007905090521464195
oleylamine_setpoint: 0.6269818985131818
sample_id: RxnD_201902_1549695299
source_wavelength: 0.799898
time: 1549696062.886836
