ODE_extra_flowrate: 2.8197528319252836
ODE_extra_fraction: 0.12765571487843042
ODE_extra_setpoint: 2.758702349646162
ODE_flowrate: 2.1778088986660395
ODE_setpoint: 0.0
Pd_TOP_flowrate: 16.963714531554956
Pd_TOP_setpoint: 12.770648885386539
TOP_flowrate: 0.2019743223935951
TOP_fraction: 0.0075690277081508495
TOP_setpoint: 0.1635841638859567
T_read_A: 272.8778
T_set: 272.8617746744061
experiment_id: RxnD_201902
exposure_time: 10.0
flowrate: 21.610779285440678
flowreactor_design_categorical_constraints: {crystalline_flag: 0, dilute_sphere_flag: 1,
  disordered_flag: 0}
flowreactor_design_constraints: {r0_sphere: 13.773686230319381}
flowreactor_design_domain:
  ODE_extra_fraction: [0.0, 0.3]
  TOP_fraction: [0.0, 0.3]
  T_set: [220.0, 310.0]
  flowrate: [20.0, 100.0]
  oleylamine_fraction: [0.0, 0.3]
flowreactor_design_mode: MPI_exploration
flowreactor_design_range_constraints:
  I0_fraction_sphere: [0.9, 1.0]
  I0_sphere: [10.0, 1000000.0]
  sigma_sphere: [0.0, 0.1]
oleylamine_flowrate: 6.237299463587205
oleylamine_fraction: 0.273835514002815
oleylamine_setpoint: 5.917726075279615
sample_id: RxnD_201902_1549732501
source_wavelength: 0.799898
time: 1549734881.390605
