ODE_extra_flowrate: 13.30580978361901
ODE_extra_fraction: 0.1424771420152105
ODE_extra_setpoint: 13.058317454621477
ODE_flowrate: -0.7495584259620345
ODE_setpoint: 0.0
Pd_TOP_flowrate: 52.39733290680414
Pd_TOP_setpoint: 53.37654529965944
TOP_flowrate: 24.586944761742462
TOP_fraction: 0.26562397628462703
TOP_setpoint: 24.34490595420378
T_read_A: 305.8237
T_set: 305.826503481763
experiment_id: RxnD_201902
exposure_time: 10.0
flowrate: 91.65147274725008
flowreactor_design_categorical_constraints: {crystalline_flag: 0, dilute_sphere_flag: 1,
  disordered_flag: 0}
flowreactor_design_constraints: {r0_sphere: 35.85088822634687}
flowreactor_design_domain:
  ODE_extra_fraction: [0.0, 0.3]
  TOP_fraction: [0.0, 0.3]
  T_set: [220.0, 310.0]
  flowrate: [20.0, 100.0]
  oleylamine_fraction: [0.0, 0.3]
flowreactor_design_mode: MPI_exploration
flowreactor_design_range_constraints:
  I0_fraction_sphere: [0.9, 1.0]
  I0_sphere: [10.0, 1000000.0]
  sigma_sphere: [0.0, 0.1]
oleylamine_flowrate: 0.8450092769059572
oleylamine_fraction: 0.009513086623798385
oleylamine_setpoint: 0.8718902490729273
sample_id: RxnD_201902_1549719495
source_wavelength: 0.799898
time: 1549720178.293749
