ODE_extra_flowrate: 1.4317805827497956
ODE_extra_fraction: 0.017550146608621628
ODE_extra_setpoint: 1.008940164271738
ODE_flowrate: 1.7088532792840463
ODE_setpoint: 0.0
Pd_TOP_flowrate: 55.785902065206976
Pd_TOP_setpoint: 54.83781634550333
TOP_flowrate: 1.3920929041867223
TOP_fraction: 0.021838153948520688
TOP_setpoint: 1.255479930768898
T_read_A: 294.5094
T_set: 294.520190089863
experiment_id: RxnD_201902
exposure_time: 10.0
flowrate: 57.48960586792906
flowreactor_design_categorical_constraints: {crystalline_flag: 0, dilute_sphere_flag: 1,
  disordered_flag: 0}
flowreactor_design_constraints: {r0_sphere: 44.041788982115015}
flowreactor_design_domain:
  ODE_extra_fraction: [0.0, 0.3]
  TOP_fraction: [0.0, 0.3]
  T_set: [220.0, 310.0]
  flowrate: [20.0, 100.0]
  oleylamine_fraction: [0.0, 0.3]
flowreactor_design_mode: MPI_exploitation
flowreactor_design_range_constraints:
  I0_fraction_sphere: [0.9, 1.0]
  I0_sphere: [10.0, 1000000.0]
  sigma_sphere: [0.0, 0.1]
oleylamine_flowrate: 0.6726035300548849
oleylamine_fraction: 0.006738331136439858
oleylamine_setpoint: 0.3874057777293711
sample_id: RxnD_201902_1549722477
source_wavelength: 0.799898
time: 1549723470.897672
