ODE_extra_flowrate: 14.295722735876401
ODE_extra_fraction: 0.21641951084374245
ODE_extra_setpoint: 14.19913289023908
ODE_flowrate: 1.391154069634965
ODE_setpoint: 0.0
Pd_TOP_flowrate: 41.943380824067674
Pd_TOP_setpoint: 39.10545664670717
TOP_flowrate: 0.2108626823522884
TOP_fraction: 0.002250276833337702
TOP_setpoint: 0.1476150675026314
T_read_A: 268.1193
T_set: 268.0830803566528
experiment_id: RxnD_201902
exposure_time: 10.0
flowrate: 65.60921464575273
flowreactor_design_categorical_constraints: {crystalline_flag: 0, dilute_sphere_flag: 1,
  disordered_flag: 0}
flowreactor_design_constraints: {r0_sphere: 23.630950508826224}
flowreactor_design_domain:
  ODE_extra_fraction: [0.0, 0.3]
  TOP_fraction: [0.0, 0.3]
  T_set: [220.0, 310.0]
  flowrate: [20.0, 100.0]
  oleylamine_fraction: [0.0, 0.3]
flowreactor_design_mode: MPI_exploration
flowreactor_design_range_constraints:
  I0_fraction_sphere: [0.9, 1.0]
  I0_sphere: [10.0, 1000000.0]
  sigma_sphere: [0.0, 0.1]
oleylamine_flowrate: 12.64633723151996
oleylamine_fraction: 0.18529333119474356
oleylamine_setpoint: 12.156994400595785
sample_id: RxnD_201902_1549701593
source_wavelength: 0.799898
time: 1549702483.457814
