ODE_extra_flowrate: 5.749746888491057
ODE_extra_fraction: 0.05768403432459917
ODE_extra_setpoint: 5.674883246400027
ODE_flowrate: -0.2388020046556772
ODE_setpoint: 0.0
Pd_TOP_flowrate: 71.21873657553934
Pd_TOP_setpoint: 71.52690900104115
TOP_flowrate: 0.005523115299730655
TOP_fraction: 0.0009878174512238122
TOP_setpoint: 0.0
T_read_A: 240.8362
T_set: 240.86702040726217
experiment_id: RxnD_201902
exposure_time: 10.0
flowrate: 98.37844417970034
flowreactor_design_categorical_constraints: {crystalline_flag: 0, dilute_sphere_flag: 1,
  disordered_flag: 0}
flowreactor_design_constraints: {r0_sphere: 22.000580566112692}
flowreactor_design_domain:
  ODE_extra_fraction: [0.0, 0.3]
  TOP_fraction: [0.0, 0.3]
  T_set: [220.0, 310.0]
  flowrate: [20.0, 100.0]
  oleylamine_fraction: [0.0, 0.3]
flowreactor_design_mode: MPI_exploration
flowreactor_design_range_constraints:
  I0_fraction_sphere: [0.9, 1.0]
  I0_sphere: [10.0, 1000000.0]
  sigma_sphere: [0.0, 0.1]
oleylamine_flowrate: 21.389609120578395
oleylamine_fraction: 0.21426919227345043
oleylamine_setpoint: 21.07954788260988
sample_id: RxnD_201902_1549706466
source_wavelength: 0.799898
time: 1549707113.319317
