{ODE_extra_flowrate: 26.24041558214204, ODE_extra_fraction: 0.2722000994417308, ODE_extra_setpoint: 26.769371883473895,
  ODE_flowrate: -3.769012725324954, ODE_setpoint: 0.0, Pd_TOP_flowrate: 43.34803043791514,
  Pd_TOP_setpoint: 44.64553238110738, TOP_flowrate: 0.678726386006184, TOP_fraction: 0.008597610125138617,
  TOP_setpoint: 0.8455087095819285, T_read_A: 296.3301, T_set: 296.4780183054155,
  experiment_id: RxnA_201902, exposure_time: 10.0, flowrate: 98.34423564871571, oleylamine_flowrate: 24.458657676856593,
  oleylamine_fraction: 0.26522984184943, oleylamine_setpoint: 26.083884905566755,
  source_wavelength: 0.799898, time: 1549445688.686761}
