ODE_bad_flow_detected: 0
ODE_extra_bad_flow_detected: 0
ODE_extra_flowrate: 194667.0
ODE_extra_flowrate_ok: 1
ODE_extra_fraction: 0.29967811445910575
ODE_extra_setpoint: 194724.0
ODE_extra_volume_limit_ok: 1
ODE_flowrate: 1000.0
ODE_flowrate_ok: 1
ODE_setpoint: 0.0
ODE_volume_limit_ok: 1
Pd_TOP_bad_flow_detected: 0
Pd_TOP_flowrate: 560334.0
Pd_TOP_flowrate_ok: 1
Pd_TOP_setpoint: 559354.0
Pd_TOP_volume_limit_ok: 1
TOP_bad_flow_detected: 0
TOP_flowrate: 9666.0
TOP_flowrate_ok: 1
TOP_fraction: 0.0036597182549798594
TOP_setpoint: 9515.0
TOP_volume_limit_ok: 1
T_read_A: 220.2501
T_set: 220.22054050709744
experiment_id: R2_20190424
exposure_time: 10.0
flowrate: 119.02125653345512
oleylamine_bad_flow_detected: 0
oleylamine_flowrate: 79000.0
oleylamine_flowrate_ok: 1
oleylamine_fraction: 0.08012069776280878
oleylamine_setpoint: 79374.0
oleylamine_volume_limit_ok: 1
reaction_id: R2_20190424_0
sample_id: R2_20190424_0_1556263468
source_wavelength: 0.799898
time: 1556263468.372246
