ODE_bad_flow_detected: 0
ODE_extra_bad_flow_detected: 0
ODE_extra_flowrate: 188833.0
ODE_extra_flowrate_ok: 1
ODE_extra_fraction: 0.28723284342036554
ODE_extra_setpoint: 190012.0
ODE_extra_volume_limit_ok: 1
ODE_flowrate: 5166.0
ODE_flowrate_ok: 1
ODE_setpoint: 0.0
ODE_volume_limit_ok: 1
Pd_TOP_bad_flow_detected: 0
Pd_TOP_flowrate: 627001.0
Pd_TOP_flowrate_ok: 1
Pd_TOP_setpoint: 627600.0
Pd_TOP_volume_limit_ok: 1
TOP_bad_flow_detected: 0
TOP_flowrate: 9000.0
TOP_flowrate_ok: 1
TOP_fraction: 0.0032757096583336674
TOP_setpoint: 8870.0
TOP_volume_limit_ok: 1
T_read_A: 294.6332
T_set: 294.60031257793725
experiment_id: R2_20190424
exposure_time: 10.0
flowrate: 119.83247542849502
oleylamine_bad_flow_detected: 0
oleylamine_flowrate: 10500.0
oleylamine_flowrate_ok: 1
oleylamine_fraction: 0.004570681335801725
oleylamine_setpoint: 10988.0
oleylamine_volume_limit_ok: 1
reaction_id: R2_20190424_2
sample_id: R2_20190424_2_1556267826
source_wavelength: 0.799898
time: 1556267826.158974
