ODE_bad_flow_detected: 0
ODE_extra_bad_flow_detected: 0
ODE_extra_flowrate: 333.0
ODE_extra_flowrate_ok: 1
ODE_extra_fraction: 0.00024941002865985757
ODE_extra_setpoint: 573.0
ODE_extra_volume_limit_ok: 1
ODE_flowrate: -3333.0
ODE_flowrate_ok: 1
ODE_setpoint: 0.0
ODE_volume_limit_ok: 1
Pd_TOP_bad_flow_detected: 0
Pd_TOP_flowrate: 242500.0
Pd_TOP_flowrate_ok: 1
Pd_TOP_setpoint: 244323.0
Pd_TOP_volume_limit_ok: 1
TOP_bad_flow_detected: 0
TOP_flowrate: 30500.0
TOP_flowrate_ok: 1
TOP_fraction: 0.08121572517727739
TOP_setpoint: 30288.0
TOP_volume_limit_ok: 1
T_read_A: 299.9509
T_set: 299.9511418044655
experiment_id: R2_20190424
exposure_time: 10.0
flowrate: 29.852018503397986
oleylamine_bad_flow_detected: 0
oleylamine_flowrate: 13666.0
oleylamine_flowrate_ok: 1
oleylamine_fraction: 0.025654978524839285
oleylamine_setpoint: 13857.0
oleylamine_volume_limit_ok: 1
reaction_id: R2_20190424_4
sample_id: R2_20190424_4_1556275631
source_wavelength: 0.799898
time: 1556275631.025025
