features: {I_fluctuation: 18.731342014505906, Ilowq_over_Imean: 1.1210220599187903,
  Imax_over_Imean: 2.1184150308224345, Imax_sharpness: 1.6799395314464112, best_hump_qwidth: 0.010703023347983889,
  best_hump_qwidth_log: 0.017414786894090078, best_trough_qwidth: 0.0011547846335747318,
  best_trough_qwidth_log: 0.0013254980406411014, logI_fluctuation: 20.616328658317162,
  logI_max_over_std: 7.835386940425259, pearson_expq: -0.21281301954236734, pearson_invexpq: 0.22259729184142454,
  pearson_q: -0.21738426592155105, pearson_q2: -0.1958286848278117, q_Icentroid: 0.301766373799094,
  q_best_hump: 0.06371082417150842, q_best_hump_log: 0.12775879867384882, q_best_trough: 0.03266001164353144,
  q_best_trough_log: 0.03229409631413516, q_logIcentroid: 0.3037282125767778, r_fftIcentroid: 0.1861532014680701}
fit_report:
  converged: 1
  error_weighted: 1
  final_objective: 0.046003033962895276
  fit_snr: 4.61379961526378
  good_fit: 1
  initial_objective: 61.68058755466052
  logI_weighted: 1
  q_range: [0.0, .inf]
noise:
  model: flat
  parameters:
    I0:
      bounds: [0.0, .inf]
      constraint_expr: null
      fixed: 0
      value: 2.5677075466859516
sample_metadata: {data_file: flow_rxn_D_13_4_dz_bgsub.dat, experiment_id: RxnD_201806,
  notes: '', sample_id: RxnD_201806_1530091902, source_wavelength: 0.799898, time: 1530091902.068583}
