ODE_extra_flowrate: 2.6603313103986808
ODE_extra_fraction: 0.055509728891777105
ODE_extra_setpoint: 2.7227261975463075
ODE_flowrate: 0.013741422190501108
ODE_setpoint: 0.0
Pd_TOP_flowrate: 44.95650382684924
Pd_TOP_setpoint: 44.58956708163793
TOP_flowrate: 0.005523115299730655
TOP_fraction: 0.0014273943998660086
TOP_setpoint: 0.0
T_read_A: 239.3328
T_set: 239.33316000331715
experiment_id: RxnB_201903
exposure_time: 10.0
flowrate: 49.04900278864482
flowreactor_design_categorical_constraints: {crystalline_flag: 0, dilute_sphere_flag: 1,
  disordered_flag: 0}
flowreactor_design_constraints: {r0_sphere: 42.110828179750726}
flowreactor_design_domain:
  ODE_extra_fraction: [0.0, 0.3]
  TOP_fraction: [0.0, 0.3]
  T_set: [220.0, 310.0]
  flowrate: [20.0, 100.0]
  oleylamine_fraction: [0.0, 0.3]
flowreactor_design_mode: MPI_exploitation
flowreactor_design_range_constraints:
  I0_fraction_sphere: [0.9, 1.0]
  I0_sphere: [10.0, 1000000.0]
  sigma_sphere: [0.0, 0.1]
oleylamine_flowrate: 1.6936038795574535
oleylamine_fraction: 0.033980508071806026
oleylamine_setpoint: 1.6667526234666412
sample_id: RxnB_201903_1552129560
source_wavelength: 0.799898
time: 1552131554.524665
