features: {I_fluctuation: 16.447832142419927, Ilowq_over_Imean: 0.7864905444259576,
  Imax_over_Imean: 1.6143302010993807, Imax_sharpness: 1.7247290133893158, best_hump_qwidth: 0.00037178487520264766,
  best_hump_qwidth_log: 0.0002676977416670997, best_trough_qwidth: 0.000484026913911833,
  best_trough_qwidth_log: 0.00022693750532665544, logI_fluctuation: 6.676841757523592,
  logI_max_over_std: -1.0348763002022685, pearson_expq: 0.29259119599030486, pearson_invexpq: -0.3602997936727944,
  pearson_q: 0.32706887593251627, pearson_q2: 0.21337780739352086, q_Icentroid: 0.3248048957336335,
  q_best_hump: 0.04051468365061489, q_best_hump_log: 0.041217072495440876, q_best_trough: 0.04053864880134128,
  q_best_trough_log: 0.0411044176519334, q_logIcentroid: 0.29523197759795317, r_fftIcentroid: 0.13181563941960509}
fit_report:
  converged: 1
  error_weighted: 1
  final_objective: 0.029878640395658296
  fit_snr: 5.561380474862019
  good_fit: 1
  initial_objective: 38.02514082808939
  logI_weighted: 1
  q_range: [0.0, .inf]
noise:
  model: flat
  parameters:
    I0:
      bounds: [0.0, .inf]
      constraint_expr: null
      fixed: 0
      value: 0.4753173994445494
sample_metadata: {data_file: RxnA_20190329_1_dz_bgsub.dat, experiment_id: RxnA_20190329,
  notes: '', sample_id: RxnA_20190329_1553914977, source_wavelength: 0.799898, time: 1553914977.400683}
