features: {I_fluctuation: 0.10158758473577834, Ilowq_over_Imean: 2.0938283357893064,
  Imax_over_Imean: 68.5272880097072, Imax_sharpness: 2.8620105596701197, best_hump_qwidth: 0.0002706416489025086,
  best_hump_qwidth_log: 0.0008841475748852126, best_trough_qwidth: 0.007596656858264586,
  best_trough_qwidth_log: 0.004311554806875148, logI_fluctuation: 2.9816767000403543,
  logI_max_over_std: 4.765083671870803, pearson_expq: -0.23263665604372608, pearson_invexpq: 0.25827598847053185,
  pearson_q: -0.24603712071300207, pearson_q2: -0.19870886826697617, q_Icentroid: 0.0960623351985959,
  q_best_hump: 0.08142531122844132, q_best_hump_log: 0.08242788826976619, q_best_trough: 0.04340159369033059,
  q_best_trough_log: 0.045428218272360765, q_logIcentroid: 0.08140588574128688, r_fftIcentroid: 0.08905359474792239}
fit_report:
  converged: 1
  error_weighted: 1
  final_objective: 0.0693765752255781
  fit_snr: 1.0061179265861626
  good_fit: 1
  initial_objective: 0.06968322030030621
  logI_weighted: 1
  q_range: [0.03, .inf]
  source_wavelength: 0.799898
noise:
  model: low_q_scatter
  parameters:
    I0:
      bounds: [0.0, .inf]
      constraint_expr: null
      fixed: 0
      value: 1414908804772.6895
    I0_flat_fraction:
      bounds: [0.0, 1.0]
      constraint_expr: null
      fixed: 0
      value: 5.000999614424018e-13
    effective_D:
      bounds: [0.0, 4.0]
      constraint_expr: null
      fixed: 0
      value: 1.1910076564032945
    effective_rg:
      bounds: [1.0, .inf]
      constraint_expr: null
      fixed: 0
      value: 113111431452.54688
sample_metadata: {data_file: R4_saxs_0067_dz_bgsub.dat, experiment_id: R4_201611,
  notes: '', sample_id: R4_201611_1479692947, source_wavelength: 0.799898, time: 1479692947.0}
superlattice:
  form: spherical
  parameters:
    I0:
      bounds: [0.0, .inf]
      constraint_expr: null
      fixed: 0
      value: 9.106364411009134
    a:
      bounds: [0.1, .inf]
      constraint_expr: null
      fixed: 0
      value: 133.65757914871304
    hwhm_g:
      bounds: [1.0e-09, .inf]
      constraint_expr: null
      fixed: 0
      value: 0.0022064146220966974
    hwhm_l:
      bounds: [1.0e-09, .inf]
      constraint_expr: null
      fixed: 0
      value: 0.000998243272565369
    r:
      bounds: [0.1, .inf]
      constraint_expr: null
      fixed: 0
      value: 39.03496183389797
  settings: {distribution: single, integration_mode: spherical, lattice: F_cubic,
    lorentz_correction: 1, polarization_correction: 1, profile: voigt, q_max: 0.35,
    q_min: 0.0, space_group: Fm-3m, structure_factor_mode: radial, texture: random,
    use_symmetry: 1}
  structure: crystalline
