ODE_bad_flow_detected: 0
ODE_extra_bad_flow_detected: 0
ODE_extra_flowrate: 22333.0
ODE_extra_flowrate_ok: 1
ODE_extra_fraction: 0.014641202074845238
ODE_extra_setpoint: 22197.0
ODE_extra_volume_limit_ok: 1
ODE_flowrate: -2166.0
ODE_flowrate_ok: 1
ODE_setpoint: 0.0
ODE_volume_limit_ok: 1
Pd_TOP_bad_flow_detected: 0
Pd_TOP_flowrate: 529834.0
Pd_TOP_flowrate_ok: 1
Pd_TOP_setpoint: 530012.0
Pd_TOP_volume_limit_ok: 1
TOP_bad_flow_detected: 0
TOP_flowrate: 168333.0
TOP_flowrate_ok: 1
TOP_fraction: 0.2986028762884646
TOP_setpoint: 168718.0
TOP_volume_limit_ok: 1
T_read_A: 299.7133
T_set: 299.60193497890066
experiment_id: R5_20190417
exposure_time: 10.0
flowrate: 103.60454258402183
oleylamine_bad_flow_detected: 0
oleylamine_flowrate: 31166.0
oleylamine_flowrate_ok: 1
oleylamine_fraction: 0.02363060674859401
oleylamine_setpoint: 30973.0
oleylamine_volume_limit_ok: 1
sample_id: R5_20190417_1555880344
source_wavelength: 0.799898
time: 1555881081.43383
