features: {I_fluctuation: 1.2909791354745037, Ilowq_over_Imean: 0.41286653763127495,
  Imax_over_Imean: 8.608279131324064, Imax_sharpness: 5.888022183561958, best_hump_qwidth: 0.0026630047714690437,
  best_hump_qwidth_log: 0.00434646762180371, best_trough_qwidth: 0.005261883813409724,
  best_trough_qwidth_log: 0.0034424067492426318, logI_fluctuation: 4.2258763218426365,
  logI_max_over_std: 22.919330288962243, pearson_expq: -0.04659724667008691, pearson_invexpq: -0.3100494467629412,
  pearson_q: 0.12093997949699561, pearson_q2: 0.03467169124761088, q_Icentroid: 2.931843537660792,
  q_best_hump: 2.673813945718149, q_best_hump_log: 2.6740816816721473, q_best_trough: 5.119883511943231,
  q_best_trough_log: 5.117617681802676, q_logIcentroid: 2.8481838859911206, r_fftIcentroid: 0.04193319947846903}
fit_report:
  error_weighted: 1
  good_fit: 0
  logI_weighted: 1
  q_range: [0.0, .inf]
noise:
  model: flat
  parameters:
    I0:
      bounds: [0.0, null]
      constraint_expr: null
      fixed: 0
      value: 0.001
sample_metadata: {data_file: JAC_3_heating_01_04_07042015_mar3450_A45.dat, experiment_id: CH3NH3PbI3,
  notes: '', sample_id: CH3NH3PbI3_35, source_wavelength: 0.9744, time: 0.0}
