features: {I_fluctuation: 1.324655281587428, Ilowq_over_Imean: 0.41550633689793304,
  Imax_over_Imean: 8.732339489317702, Imax_sharpness: 5.962968239531284, best_hump_qwidth: 0.0026592513170319537,
  best_hump_qwidth_log: 0.004321601193345119, best_trough_qwidth: 0.00522953798808194,
  best_trough_qwidth_log: 0.003415080764975563, logI_fluctuation: 4.157018533634234,
  logI_max_over_std: 22.9572800907179, pearson_expq: -0.04549982487607843, pearson_invexpq: -0.30784788964516324,
  pearson_q: 0.12058281747098713, pearson_q2: 0.035060193354330436, q_Icentroid: 2.9320614239608096,
  q_best_hump: 2.6736338573395844, q_best_hump_log: 2.6739019054931084, q_best_trough: 5.12033704218807,
  q_best_trough_log: 5.1179880402422615, q_logIcentroid: 2.848181271369226, r_fftIcentroid: 0.0433183581181254}
fit_report:
  error_weighted: 1
  good_fit: 0
  logI_weighted: 1
  q_range: [0.0, .inf]
noise:
  model: flat
  parameters:
    I0:
      bounds: [0.0, null]
      constraint_expr: null
      fixed: 0
      value: 0.001
sample_metadata: {data_file: JAC_3_heating_01_06_07042015_mar3450_A45.dat, experiment_id: CH3NH3PbI3,
  notes: '', sample_id: CH3NH3PbI3_9, source_wavelength: 0.9744, time: 0.0}
