features: {I_fluctuation: 1.3865487673627859, Ilowq_over_Imean: 0.41330630073143304,
  Imax_over_Imean: 8.668494862915129, Imax_sharpness: 5.984468391525212, best_hump_qwidth: 0.0027005202345699573,
  best_hump_qwidth_log: 0.004412351014681259, best_trough_qwidth: 0.005105566030092302,
  best_trough_qwidth_log: 0.0033879126165125245, logI_fluctuation: 4.480713576366306,
  logI_max_over_std: 23.02294575065003, pearson_expq: -0.04674027511377734, pearson_invexpq: -0.31171275136976917,
  pearson_q: 0.12090860253430885, pearson_q2: 0.03434483936902575, q_Icentroid: 2.9301292115689557,
  q_best_hump: 2.6742369794828407, q_best_hump_log: 2.674496280331976, q_best_trough: 5.121030676545644,
  q_best_trough_log: 5.118411324970997, q_logIcentroid: 2.8480523204708237, r_fftIcentroid: 0.042922051131059596}
fit_report:
  error_weighted: 1
  good_fit: 0
  logI_weighted: 1
  q_range: [0.0, .inf]
noise:
  model: flat
  parameters:
    I0:
      bounds: [0.0, null]
      constraint_expr: null
      fixed: 0
      value: 0.001
sample_metadata: {data_file: JAC_3_heating_01_45_07042015_mar3450_A45.dat, experiment_id: CH3NH3PbI3,
  notes: '', sample_id: CH3NH3PbI3_31, source_wavelength: 0.9744, time: 0.0}
