features: {I_fluctuation: 1.3640500097639323, Ilowq_over_Imean: 0.4192833266681462,
  Imax_over_Imean: 8.439413876529557, Imax_sharpness: 5.77083840320321, best_hump_qwidth: 0.002661745246375046,
  best_hump_qwidth_log: 0.004331771958384677, best_trough_qwidth: 0.005779135166780098,
  best_trough_qwidth_log: 0.00373390995698655, logI_fluctuation: 4.271985420316118,
  logI_max_over_std: 23.10800320741805, pearson_expq: -0.04739760524888031, pearson_invexpq: -0.3075393836009559,
  pearson_q: 0.11901411907652107, pearson_q2: 0.03319592562409236, q_Icentroid: 2.9298405418205578,
  q_best_hump: 2.670572652915151, q_best_hump_log: 2.6709880994954833, q_best_trough: 5.115673802719335,
  q_best_trough_log: 5.113737376697488, q_logIcentroid: 2.847654852262381, r_fftIcentroid: 0.04212093103916549}
fit_report:
  error_weighted: 1
  good_fit: 0
  logI_weighted: 1
  q_range: [0.0, .inf]
noise:
  model: flat
  parameters:
    I0:
      bounds: [0.0, null]
      constraint_expr: null
      fixed: 0
      value: 0.001
sample_metadata: {data_file: JAC_3_heating_01_20_07042015_mar3450_A45.dat, experiment_id: CH3NH3PbI3,
  notes: '', sample_id: CH3NH3PbI3_29, source_wavelength: 0.9744, time: 0.0}
