features: {I_fluctuation: 1.3275006138029566, Ilowq_over_Imean: 0.4112703636268199,
  Imax_over_Imean: 8.705726488022474, Imax_sharpness: 5.9573002427066255, best_hump_qwidth: 0.002665361918777345,
  best_hump_qwidth_log: 0.004352065591698793, best_trough_qwidth: 0.005110898899495889,
  best_trough_qwidth_log: 0.0033567468000892356, logI_fluctuation: 4.242434296447153,
  logI_max_over_std: 22.851710960225294, pearson_expq: -0.047943516490007845, pearson_invexpq: -0.3101568525501913,
  pearson_q: 0.12014279358827472, pearson_q2: 0.03357947538969753, q_Icentroid: 2.9311718143506416,
  q_best_hump: 2.6740433792164087, q_best_hump_log: 2.6743260229682333, q_best_trough: 5.121221713628181,
  q_best_trough_log: 5.118736531716508, q_logIcentroid: 2.848174079215123, r_fftIcentroid: 0.042694735247004394}
fit_report:
  error_weighted: 1
  good_fit: 0
  logI_weighted: 1
  q_range: [0.0, .inf]
noise:
  model: flat
  parameters:
    I0:
      bounds: [0.0, null]
      constraint_expr: null
      fixed: 0
      value: 0.001
sample_metadata: {data_file: JAC_3_heating_01_01_07042015_mar3450_A45.dat, experiment_id: CH3NH3PbI3,
  notes: '', sample_id: CH3NH3PbI3_26, source_wavelength: 0.9744, time: 0.0}
