features: {I_fluctuation: 1.404666794126999, Ilowq_over_Imean: 0.4214455495430169,
  Imax_over_Imean: 8.614601201596852, Imax_sharpness: 5.880916748111985, best_hump_qwidth: 0.0026653223744923606,
  best_hump_qwidth_log: 0.004334125525197525, best_trough_qwidth: 0.005974994028637422,
  best_trough_qwidth_log: 0.0038205650031275756, logI_fluctuation: 4.270273102736708,
  logI_max_over_std: 23.14423103137742, pearson_expq: -0.04658720342400683, pearson_invexpq: -0.30593557936589155,
  pearson_q: 0.11890225838458085, pearson_q2: 0.033628434032938234, q_Icentroid: 2.9301545129922077,
  q_best_hump: 2.670513497078489, q_best_hump_log: 2.6710643939904055, q_best_trough: 5.11422906223539,
  q_best_trough_log: 5.112495215785965, q_logIcentroid: 2.8477361510694124, r_fftIcentroid: 0.043422439849783875}
fit_report:
  error_weighted: 1
  good_fit: 0
  logI_weighted: 1
  q_range: [0.0, .inf]
noise:
  model: flat
  parameters:
    I0:
      bounds: [0.0, null]
      constraint_expr: null
      fixed: 0
      value: 0.001
sample_metadata: {data_file: JAC_3_heating_01_24_07042015_mar3450_A45.dat, experiment_id: CH3NH3PbI3,
  notes: '', sample_id: CH3NH3PbI3_41, source_wavelength: 0.9744, time: 0.0}
