features: {I_fluctuation: 1.3590020622314345, Ilowq_over_Imean: 0.41339595206133645,
  Imax_over_Imean: 8.719268366769596, Imax_sharpness: 6.006957913421147, best_hump_qwidth: 0.002702521418120767,
  best_hump_qwidth_log: 0.004424140649271745, best_trough_qwidth: 0.005090501484052109,
  best_trough_qwidth_log: 0.003365288083971497, logI_fluctuation: 4.3745110653967405,
  logI_max_over_std: 22.992182991247194, pearson_expq: -0.04912259812598429, pearson_invexpq: -0.309803239531797,
  pearson_q: 0.11852925116220489, pearson_q2: 0.03191157630593957, q_Icentroid: 2.9285795791629576,
  q_best_hump: 2.6741134601644303, q_best_hump_log: 2.6744130611650316, q_best_trough: 5.121374200167792,
  q_best_trough_log: 5.11859095062807, q_logIcentroid: 2.847802847762944, r_fftIcentroid: 0.04283809839826162}
fit_report:
  error_weighted: 1
  good_fit: 0
  logI_weighted: 1
  q_range: [0.0, .inf]
noise:
  model: flat
  parameters:
    I0:
      bounds: [0.0, null]
      constraint_expr: null
      fixed: 0
      value: 0.001
sample_metadata: {data_file: JAC_3_heating_01_43_07042015_mar3450_A45.dat, experiment_id: CH3NH3PbI3,
  notes: '', sample_id: CH3NH3PbI3_38, source_wavelength: 0.9744, time: 0.0}
