features: {I_fluctuation: 1.3886665275179553, Ilowq_over_Imean: 0.42027582204031283,
  Imax_over_Imean: 8.477464348067556, Imax_sharpness: 5.802694260481571, best_hump_qwidth: 0.002670108494259189,
  best_hump_qwidth_log: 0.0043414032961094084, best_trough_qwidth: 0.005808902414627824,
  best_trough_qwidth_log: 0.003753480478036686, logI_fluctuation: 4.356893705261439,
  logI_max_over_std: 23.120290022921573, pearson_expq: -0.04592055035568443, pearson_invexpq: -0.3068201132595742,
  pearson_q: 0.11954844990711404, pearson_q2: 0.03423622350521329, q_Icentroid: 2.930378009163799,
  q_best_hump: 2.670605842787158, q_best_hump_log: 2.6710427484305455, q_best_trough: 5.115496458228953,
  q_best_trough_log: 5.113487070563563, q_logIcentroid: 2.847787226414374, r_fftIcentroid: 0.0428099730389823}
fit_report:
  error_weighted: 1
  good_fit: 0
  logI_weighted: 1
  q_range: [0.0, .inf]
noise:
  model: flat
  parameters:
    I0:
      bounds: [0.0, null]
      constraint_expr: null
      fixed: 0
      value: 0.001
sample_metadata: {data_file: JAC_3_heating_01_26_07042015_mar3450_A45.dat, experiment_id: CH3NH3PbI3,
  notes: '', sample_id: CH3NH3PbI3_15, source_wavelength: 0.9744, time: 0.0}
