features: {I_fluctuation: 1.3904671374765958, Ilowq_over_Imean: 0.4159201320220573,
  Imax_over_Imean: 8.661895654595645, Imax_sharpness: 5.950642464018859, best_hump_qwidth: 0.002695154629992487,
  best_hump_qwidth_log: 0.004411300519897668, best_trough_qwidth: 0.005373967109232841,
  best_trough_qwidth_log: 0.0035115256160658977, logI_fluctuation: 4.363324450711703,
  logI_max_over_std: 23.038965455248114, pearson_expq: -0.04827809353229165, pearson_invexpq: -0.30803628381312853,
  pearson_q: 0.11837327709313063, pearson_q2: 0.0323288160841519, q_Icentroid: 2.9290080795067723,
  q_best_hump: 2.6736177978419224, q_best_hump_log: 2.6739862290979213, q_best_trough: 5.1191598525815305,
  q_best_trough_log: 5.11674929314783, q_logIcentroid: 2.847775184290369, r_fftIcentroid: 0.043114907000369185}
fit_report:
  error_weighted: 1
  good_fit: 0
  logI_weighted: 1
  q_range: [0.0, .inf]
noise:
  model: flat
  parameters:
    I0:
      bounds: [0.0, null]
      constraint_expr: null
      fixed: 0
      value: 0.001
sample_metadata: {data_file: JAC_3_heating_01_35_07042015_mar3450_A45.dat, experiment_id: CH3NH3PbI3,
  notes: '', sample_id: CH3NH3PbI3_16, source_wavelength: 0.9744, time: 0.0}
