features: {I_fluctuation: 1.33343501116097, Ilowq_over_Imean: 0.41632859663364746,
  Imax_over_Imean: 8.684104862197387, Imax_sharpness: 5.930355419999606, best_hump_qwidth: 0.002660712987285373,
  best_hump_qwidth_log: 0.004329878964290223, best_trough_qwidth: 0.005331189681745208,
  best_trough_qwidth_log: 0.0034713992663339245, logI_fluctuation: 4.3061084441600395,
  logI_max_over_std: 23.01126913432657, pearson_expq: -0.045745776207186346, pearson_invexpq: -0.3077320456535732,
  pearson_q: 0.12032838840476755, pearson_q2: 0.034781794940198396, q_Icentroid: 2.931696712743704,
  q_best_hump: 2.673484621588047, q_best_hump_log: 2.6737939989555883, q_best_trough: 5.11940613985767,
  q_best_trough_log: 5.117191661973111, q_logIcentroid: 2.8480437653476254, r_fftIcentroid: 0.042756854326605184}
fit_report:
  error_weighted: 1
  good_fit: 0
  logI_weighted: 1
  q_range: [0.0, .inf]
noise:
  model: flat
  parameters:
    I0:
      bounds: [0.0, null]
      constraint_expr: null
      fixed: 0
      value: 0.001
sample_metadata: {data_file: JAC_3_heating_01_08_07042015_mar3450_A45.dat, experiment_id: CH3NH3PbI3,
  notes: '', sample_id: CH3NH3PbI3_17, source_wavelength: 0.9744, time: 0.0}
