features: {I_fluctuation: 1.3707684713557815, Ilowq_over_Imean: 0.4183993182703495,
  Imax_over_Imean: 8.619078052366309, Imax_sharpness: 5.876500359923518, best_hump_qwidth: 0.002645985510959555,
  best_hump_qwidth_log: 0.004274780313731451, best_trough_qwidth: 0.0056440419863106744,
  best_trough_qwidth_log: 0.0036358169517479544, logI_fluctuation: 4.246045032014384,
  logI_max_over_std: 23.02187299145374, pearson_expq: -0.045625066387589557, pearson_invexpq: -0.3063438960493781,
  pearson_q: 0.11972841249560129, pearson_q2: 0.0345342976814663, q_Icentroid: 2.9313346117245804,
  q_best_hump: 2.6707798554194007, q_best_hump_log: 2.6710850258867427, q_best_trough: 5.116750556508864,
  q_best_trough_log: 5.114870980549343, q_logIcentroid: 2.8479697761272083, r_fftIcentroid: 0.04300807705614353}
fit_report:
  error_weighted: 1
  good_fit: 0
  logI_weighted: 1
  q_range: [0.0, .inf]
noise:
  model: flat
  parameters:
    I0:
      bounds: [0.0, null]
      constraint_expr: null
      fixed: 0
      value: 0.001
sample_metadata: {data_file: JAC_3_heating_01_13_07042015_mar3450_A45.dat, experiment_id: CH3NH3PbI3,
  notes: '', sample_id: CH3NH3PbI3_8, source_wavelength: 0.9744, time: 0.0}
