features: {I_fluctuation: 1.4482035838457847, Ilowq_over_Imean: 0.415834919030829,
  Imax_over_Imean: 8.650112540036984, Imax_sharpness: 5.942867344350126, best_hump_qwidth: 0.0027007144113431938,
  best_hump_qwidth_log: 0.00443049807196635, best_trough_qwidth: 0.0054305616632890855,
  best_trough_qwidth_log: 0.0035434189029517676, logI_fluctuation: 4.545605094737291,
  logI_max_over_std: 23.064878903999137, pearson_expq: -0.04975277404978438, pearson_invexpq: -0.3078718937817929,
  pearson_q: 0.11731139896075089, pearson_q2: 0.031001478471479365, q_Icentroid: 2.927954788824013,
  q_best_hump: 2.67358079425643, q_best_hump_log: 2.6739322164867105, q_best_trough: 5.1186475191587055,
  q_best_trough_log: 5.116234714748022, q_logIcentroid: 2.8475831553880373, r_fftIcentroid: 0.04330628287838526}
fit_report:
  error_weighted: 1
  good_fit: 0
  logI_weighted: 1
  q_range: [0.0, .inf]
noise:
  model: flat
  parameters:
    I0:
      bounds: [0.0, null]
      constraint_expr: null
      fixed: 0
      value: 0.001
sample_metadata: {data_file: JAC_3_heating_01_34_07042015_mar3450_A45.dat, experiment_id: CH3NH3PbI3,
  notes: '', sample_id: CH3NH3PbI3_2, source_wavelength: 0.9744, time: 0.0}
