features: {I_fluctuation: 1.3924347810022202, Ilowq_over_Imean: 0.41789346850044845,
  Imax_over_Imean: 8.607925231109647, Imax_sharpness: 5.8960287865106284, best_hump_qwidth: 0.002678351389491547,
  best_hump_qwidth_log: 0.004352084100771278, best_trough_qwidth: 0.005682847517038859,
  best_trough_qwidth_log: 0.003680147543555398, logI_fluctuation: 4.416596236439162,
  logI_max_over_std: 23.051210088825773, pearson_expq: -0.04668437504456533, pearson_invexpq: -0.3073774062946021,
  pearson_q: 0.11924251300621212, pearson_q2: 0.03366563223929611, q_Icentroid: 2.9300524092395723,
  q_best_hump: 2.670972061037257, q_best_hump_log: 2.6713980606148526, q_best_trough: 5.11645907276812,
  q_best_trough_log: 5.114380145947709, q_logIcentroid: 2.8478907059396983, r_fftIcentroid: 0.043309077497250915}
fit_report:
  error_weighted: 1
  good_fit: 0
  logI_weighted: 1
  q_range: [0.0, .inf]
noise:
  model: flat
  parameters:
    I0:
      bounds: [0.0, null]
      constraint_expr: null
      fixed: 0
      value: 0.001
sample_metadata: {data_file: JAC_3_heating_01_30_07042015_mar3450_A45.dat, experiment_id: CH3NH3PbI3,
  notes: '', sample_id: CH3NH3PbI3_11, source_wavelength: 0.9744, time: 0.0}
