features: {I_fluctuation: 1.3173547677217992, Ilowq_over_Imean: 0.4138489170042935,
  Imax_over_Imean: 8.726815451833529, Imax_sharpness: 5.96387511165554, best_hump_qwidth: 0.002655015961759949,
  best_hump_qwidth_log: 0.004312242156491639, best_trough_qwidth: 0.005233193233862486,
  best_trough_qwidth_log: 0.003424001105270737, logI_fluctuation: 4.2092898560349825,
  logI_max_over_std: 22.9122625021511, pearson_expq: -0.04478801963466235, pearson_invexpq: -0.3091088104898066,
  pearson_q: 0.12166795602007364, pearson_q2: 0.03599777240347865, q_Icentroid: 2.932872053509846,
  q_best_hump: 2.6738371270210686, q_best_hump_log: 2.6741388265715873, q_best_trough: 5.120133669185581,
  q_best_trough_log: 5.117874371792173, q_logIcentroid: 2.848364684577902, r_fftIcentroid: 0.042673323910514434}
fit_report:
  error_weighted: 1
  good_fit: 0
  logI_weighted: 1
  q_range: [0.0, .inf]
noise:
  model: flat
  parameters:
    I0:
      bounds: [0.0, null]
      constraint_expr: null
      fixed: 0
      value: 0.001
sample_metadata: {data_file: JAC_3_heating_01_03_07042015_mar3450_A45.dat, experiment_id: CH3NH3PbI3,
  notes: '', sample_id: CH3NH3PbI3_13, source_wavelength: 0.9744, time: 0.0}
