features: {I_fluctuation: 1.4308060679150163, Ilowq_over_Imean: 0.41690893646845417,
  Imax_over_Imean: 8.691548259109556, Imax_sharpness: 5.965317195443184, best_hump_qwidth: 0.002692464347229245,
  best_hump_qwidth_log: 0.0043995471417597, best_trough_qwidth: 0.005327859308480894,
  best_trough_qwidth_log: 0.0034703464424734837, logI_fluctuation: 4.527282387937299,
  logI_max_over_std: 23.033868468876733, pearson_expq: -0.04855119068465042, pearson_invexpq: -0.30703359240797146,
  pearson_q: 0.11778270292644825, pearson_q2: 0.03189892464216382, q_Icentroid: 2.928729299046344,
  q_best_hump: 2.673633830776121, q_best_hump_log: 2.6740027645282285, q_best_trough: 5.119430764930771,
  q_best_trough_log: 5.11698270991059, q_logIcentroid: 2.847697095889364, r_fftIcentroid: 0.042943906636103195}
fit_report:
  error_weighted: 1
  good_fit: 0
  logI_weighted: 1
  q_range: [0.0, .inf]
noise:
  model: flat
  parameters:
    I0:
      bounds: [0.0, null]
      constraint_expr: null
      fixed: 0
      value: 0.001
sample_metadata: {data_file: JAC_3_heating_01_36_07042015_mar3450_A45.dat, experiment_id: CH3NH3PbI3,
  notes: '', sample_id: CH3NH3PbI3_6, source_wavelength: 0.9744, time: 0.0}
