{ODE_extra_flowrate: 8.764520493509774, ODE_extra_fraction: 0.1812145681250841, ODE_extra_setpoint: 9.361784129584441,
  ODE_flowrate: -1.391154069634965, ODE_setpoint: 0.0, Pd_TOP_flowrate: 40.1877427514368,
  Pd_TOP_setpoint: 40.56524488229785, TOP_flowrate: 0.678726386006184, TOP_fraction: 0.015907150313712516,
  TOP_setpoint: 0.8217822263095941, T_read_A: 290.615, T_set: 290.6222321319434, experiment_id: RxnB_201902,
  exposure_time: 10.0, flowrate: 51.66114376614067, oleylamine_flowrate: 0.7243738816483165,
  oleylamine_fraction: 0.01766173223047468, oleylamine_setpoint: 0.9123988413416687,
  source_wavelength: 0.799898, time: 1549529806.381346}
