{ODE_extra_flowrate: 6.155684071113116, ODE_extra_fraction: 0.29820639440608715, ODE_extra_setpoint: 6.136766015641452,
  ODE_flowrate: 0.08250636132524745, ODE_setpoint: 0.0, Pd_TOP_flowrate: 13.10039193464229,
  Pd_TOP_setpoint: 13.125360045867344, TOP_flowrate: 0.29604289240381587, TOP_fraction: 0.013224407579884027,
  TOP_setpoint: 0.27212805711640464, T_read_A: 224.0657, T_set: 224.08229567691168,
  experiment_id: RxnB_201902, exposure_time: 10.0, flowrate: 20.57909780289413, oleylamine_flowrate: 1.1026654193888006,
  oleylamine_fraction: 0.050767881623756964, oleylamine_setpoint: 1.0447170185593984,
  source_wavelength: 0.799898, time: 1549538487.553769}
