ODE_extra_flowrate: 0.0301605294709459
ODE_extra_fraction: 0.0023756993620186683
ODE_extra_setpoint: 0.0
ODE_flowrate: 0.013741422190501108
ODE_setpoint: 0.0
Pd_TOP_flowrate: 25.26183156569179
Pd_TOP_setpoint: 25.290365679994345
TOP_flowrate: 0.6018079133146479
TOP_fraction: 0.02161476359451515
TOP_setpoint: 0.5642723418264696
T_read_A: 305.9202
T_set: 305.9330839178313
experiment_id: RxnD_201902
exposure_time: 10.0
flowrate: 26.105132777769242
flowreactor_design_categorical_constraints: {crystalline_flag: 0, dilute_sphere_flag: 1,
  disordered_flag: 0}
flowreactor_design_constraints: {r0_sphere: 34.01407050210882}
flowreactor_design_domain:
  ODE_extra_fraction: [0.0, 0.3]
  TOP_fraction: [0.0, 0.3]
  T_set: [220.0, 310.0]
  flowrate: [20.0, 100.0]
  oleylamine_fraction: [0.0, 0.3]
flowreactor_design_mode: MPI_exploration
flowreactor_design_range_constraints:
  I0_fraction_sphere: [0.9, 1.0]
  I0_sphere: [10.0, 1000000.0]
  sigma_sphere: [0.0, 0.1]
oleylamine_flowrate: 0.26605358781396454
oleylamine_fraction: 0.007222600902038549
oleylamine_setpoint: 0.1885242940840801
sample_id: RxnD_201902_1549685209
source_wavelength: 0.799898
time: 1549687207.07793
