ODE_extra_flowrate: 18.036764321207347
ODE_extra_fraction: 0.22479934723745276
ODE_extra_setpoint: 18.391086094313838
ODE_flowrate: 0.5137069147493364
ODE_setpoint: 0.0
Pd_TOP_flowrate: 45.20118720836897
Pd_TOP_setpoint: 44.23488125654428
TOP_flowrate: 0.4121123212880536
TOP_fraction: 0.0029448983128032707
TOP_setpoint: 0.24094456142236784
T_read_A: 303.1852
T_set: 303.2008994233705
experiment_id: RxnD_201902
exposure_time: 10.0
flowrate: 81.8113057107962
flowreactor_design_categorical_constraints: {crystalline_flag: 0, dilute_sphere_flag: 1,
  disordered_flag: 0}
flowreactor_design_constraints: {r0_sphere: 13.773686230319381}
flowreactor_design_domain:
  ODE_extra_fraction: [0.0, 0.3]
  TOP_fraction: [0.0, 0.3]
  T_set: [220.0, 310.0]
  flowrate: [20.0, 100.0]
  oleylamine_fraction: [0.0, 0.3]
flowreactor_design_mode: MPI_exploitation
flowreactor_design_range_constraints:
  I0_fraction_sphere: [0.9, 1.0]
  I0_sphere: [10.0, 1000000.0]
  sigma_sphere: [0.0, 0.1]
oleylamine_flowrate: 18.02675667636152
oleylamine_fraction: 0.2315619761332517
oleylamine_setpoint: 18.944425822291738
sample_id: RxnD_201902_1549729495
source_wavelength: 0.799898
time: 1549730240.327395
