ODE_extra_flowrate: 9.081415848672906
ODE_extra_fraction: 0.16562719383193053
ODE_extra_setpoint: 8.690388673234636
ODE_flowrate: 3.1409560240382244
ODE_setpoint: 0.0
Pd_TOP_flowrate: 45.029868764121524
Pd_TOP_setpoint: 42.10162902329175
TOP_flowrate: 0.7316782370396799
TOP_fraction: 0.015531403751782549
TOP_setpoint: 0.8149485973196827
T_read_A: 295.1537
T_set: 295.18231320824697
experiment_id: RxnD_201902
exposure_time: 10.0
flowrate: 52.4692750710175
flowreactor_design_categorical_constraints: {crystalline_flag: 0, dilute_sphere_flag: 1,
  disordered_flag: 0}
flowreactor_design_constraints: {r0_sphere: 23.630950508826224}
flowreactor_design_domain:
  ODE_extra_fraction: [0.0, 0.3]
  TOP_fraction: [0.0, 0.3]
  T_set: [220.0, 310.0]
  flowrate: [20.0, 100.0]
  oleylamine_fraction: [0.0, 0.3]
flowreactor_design_mode: MPI_exploitation
flowreactor_design_range_constraints:
  I0_fraction_sphere: [0.9, 1.0]
  I0_sphere: [10.0, 1000000.0]
  sigma_sphere: [0.0, 0.1]
oleylamine_flowrate: 0.9855835846179717
oleylamine_fraction: 0.016435367009387473
oleylamine_setpoint: 0.8623489087227814
sample_id: RxnD_201902_1549699693
source_wavelength: 0.799898
time: 1549700706.495021
