ODE_extra_flowrate: 9.255678805998192
ODE_extra_fraction: 0.16562719383193053
ODE_extra_setpoint: 8.690388673234636
ODE_flowrate: 0.7495584259620345
ODE_setpoint: 0.0
Pd_TOP_flowrate: 43.34803043791514
Pd_TOP_setpoint: 42.10162902329175
TOP_flowrate: 1.0901697049724104
TOP_fraction: 0.015531403751782549
TOP_setpoint: 0.8149485973196827
T_read_A: 295.1908
T_set: 295.18231320824697
experiment_id: RxnD_201902
exposure_time: 10.0
flowrate: 52.4692750710175
flowreactor_design_categorical_constraints: {crystalline_flag: 0, dilute_sphere_flag: 1,
  disordered_flag: 0}
flowreactor_design_constraints: {r0_sphere: 23.630950508826224}
flowreactor_design_domain:
  ODE_extra_fraction: [0.0, 0.3]
  TOP_fraction: [0.0, 0.3]
  T_set: [220.0, 310.0]
  flowrate: [20.0, 100.0]
  oleylamine_fraction: [0.0, 0.3]
flowreactor_design_mode: MPI_exploitation
flowreactor_design_range_constraints:
  I0_fraction_sphere: [0.9, 1.0]
  I0_sphere: [10.0, 1000000.0]
  sigma_sphere: [0.0, 0.1]
oleylamine_flowrate: 0.9427236239493753
oleylamine_fraction: 0.016435367009387473
oleylamine_setpoint: 0.8623489087227814
sample_id: RxnD_201902_1549699693
source_wavelength: 0.799898
time: 1549700767.292774
