ODE_bad_flow_detected: 0
ODE_extra_bad_flow_detected: 0
ODE_extra_flowrate: 181667.0
ODE_extra_flowrate_ok: 1
ODE_extra_fraction: 0.29939471645204774
ODE_extra_setpoint: 181820.0
ODE_extra_volume_limit_ok: 1
ODE_flowrate: 1000.0
ODE_flowrate_ok: 1
ODE_setpoint: 0.0
ODE_volume_limit_ok: 1
Pd_TOP_bad_flow_detected: 0
Pd_TOP_flowrate: 570667.0
Pd_TOP_flowrate_ok: 1
Pd_TOP_setpoint: 571759.0
Pd_TOP_volume_limit_ok: 1
TOP_bad_flow_detected: 0
TOP_flowrate: 2666.0
TOP_flowrate_ok: 1
TOP_fraction: 0.000502157974177083
TOP_setpoint: 2332.0
TOP_volume_limit_ok: 1
T_read_A: 299.0046
T_set: 298.9896064155969
experiment_id: R6_20190417
exposure_time: 10.0
flowrate: 107.82953936401454
oleylamine_bad_flow_detected: 0
oleylamine_flowrate: 5166.0
oleylamine_flowrate_ok: 1
oleylamine_fraction: 0.0010721119413623238
oleylamine_setpoint: 3744.0
oleylamine_volume_limit_ok: 1
reaction_id: R6_20190417_0
sample_id: R6_20190417_0_1556054269
source_wavelength: 0.799898
time: 1556054269.767208
