ODE_bad_flow_detected: 0
ODE_extra_bad_flow_detected: 0
ODE_extra_flowrate: 61333.0
ODE_extra_flowrate_ok: 1
ODE_extra_fraction: 0.2991482585635296
ODE_extra_setpoint: 61183.0
ODE_extra_volume_limit_ok: 1
ODE_flowrate: 2833.0
ODE_flowrate_ok: 1
ODE_setpoint: 0.0
ODE_volume_limit_ok: 1
Pd_TOP_bad_flow_detected: 0
Pd_TOP_flowrate: 123500.0
Pd_TOP_flowrate_ok: 1
Pd_TOP_setpoint: 123529.0
Pd_TOP_volume_limit_ok: 1
TOP_bad_flow_detected: 0
TOP_flowrate: 1000.0
TOP_flowrate_ok: 1
TOP_fraction: 0.0006590856390818737
TOP_setpoint: 963.0
TOP_volume_limit_ok: 1
T_read_A: 230.8435
T_set: 230.8484628012386
experiment_id: R6_20190417
exposure_time: 10.0
flowrate: 22.147629733674233
oleylamine_bad_flow_detected: 0
oleylamine_flowrate: 43000.0
oleylamine_flowrate_ok: 1
oleylamine_fraction: 0.17744225820597215
oleylamine_setpoint: 42976.0
oleylamine_volume_limit_ok: 1
reaction_id: R6_20190417_7
sample_id: R6_20190417_7_1556080620
source_wavelength: 0.799898
time: 1556080620.183531
