features: {I_fluctuation: 1.5912208185832564, Ilowq_over_Imean: 0.8831062997844116,
  Imax_over_Imean: 1.0657264961745585, Imax_sharpness: 1.050855661300898, best_hump_qwidth: 0.00013001847816582578,
  best_hump_qwidth_log: 6.963724038420569e-05, best_trough_qwidth: 0.00013001847816582578,
  best_trough_qwidth_log: 6.963724038420569e-05, logI_fluctuation: 1.1634707182333794,
  logI_max_over_std: 21.97626099400739, pearson_expq: 0.3288728280784145, pearson_invexpq: -0.3786791881735168,
  pearson_q: 0.3535134236311525, pearson_q2: 0.2652823541663438, q_Icentroid: 0.3143899568141019,
  q_best_hump: 0.03528824640262168, q_best_hump_log: 0.033608710609282444, q_best_trough: 0.03528824640262168,
  q_best_trough_log: 0.033608710609282444, q_logIcentroid: 0.3127009732434841, r_fftIcentroid: 0.15104895932087845}
fit_report:
  converged: 1
  error_weighted: 1
  final_objective: 0.0037501152126346708
  fit_snr: 13.025268782949096
  good_fit: 1
  initial_objective: 20.611978726223622
  logI_weighted: 1
  q_range: [0.0, .inf]
  source_wavelength: 0.799898
noise:
  model: flat
  parameters:
    I0:
      bounds: [0.0, .inf]
      constraint_expr: null
      fixed: 0
      value: 9.365588847398875
sample_metadata: {data_file: R6_SAXS_0002_dz_bgsub.dat, experiment_id: R6_201611,
  notes: '', sample_id: R6_201611_1479767470, source_wavelength: 0.799898, time: 1479767470.0}
