ODE_extra_flowrate: 20.75151228131936
ODE_extra_fraction: 0.29814432486718223
ODE_extra_setpoint: 20.711268239077878
ODE_flowrate: -0.7845081086899948
ODE_setpoint: 0.0
Pd_TOP_flowrate: 30.984243213602774
Pd_TOP_setpoint: 30.327475431664766
TOP_flowrate: 0.3792257312128584
TOP_fraction: 0.005031683155766384
TOP_setpoint: 0.3495146016168965
T_read_A: 300.1263
T_set: 300.14508363728095
experiment_id: RxnE_201902
exposure_time: 10.0
flowrate: 69.46753746776452
flowreactor_design_categorical_constraints: {crystalline_flag: 0, dilute_sphere_flag: 1,
  disordered_flag: 0}
flowreactor_design_constraints: {r0_sphere: 42.07575000312046}
flowreactor_design_domain:
  ODE_extra_fraction: [0.0, 0.3]
  TOP_fraction: [0.0, 0.3]
  T_set: [220.0, 310.0]
  flowrate: [20.0, 100.0]
  oleylamine_fraction: [0.0, 0.3]
flowreactor_design_mode: MPI_exploitation
flowreactor_design_range_constraints:
  I0_fraction_sphere: [0.9, 1.0]
  I0_sphere: [10.0, 1000000.0]
  sigma_sphere: [0.0, 0.1]
oleylamine_flowrate: 18.202938301933955
oleylamine_fraction: 0.26025344298840014
oleylamine_setpoint: 18.079154141547548
sample_id: RxnE_201902_1549768788
source_wavelength: 0.799898
time: 1549769811.49607
