ODE_extra_flowrate: 9.343197213185112
ODE_extra_fraction: 0.131719080896255
ODE_extra_setpoint: 9.090452002843476
ODE_flowrate: 1.6149476176703912
ODE_setpoint: 0.0
Pd_TOP_flowrate: 42.52357254575114
Pd_TOP_setpoint: 41.32028983428133
TOP_flowrate: 0.15144886021943874
TOP_fraction: 0.001704496914038612
TOP_setpoint: 0.1176396743458194
T_read_A: 264.4
T_set: 264.41464908162806
experiment_id: RxnE_201902
exposure_time: 10.0
flowrate: 69.01350758729043
flowreactor_design_categorical_constraints: {crystalline_flag: 0, dilute_sphere_flag: 1,
  disordered_flag: 0}
flowreactor_design_constraints: {r0_sphere: 14.159733555369304}
flowreactor_design_domain:
  ODE_extra_fraction: [0.0, 0.3]
  TOP_fraction: [0.0, 0.3]
  T_set: [220.0, 310.0]
  flowrate: [20.0, 100.0]
  oleylamine_fraction: [0.0, 0.3]
flowreactor_design_mode: MPI_exploration
flowreactor_design_range_constraints:
  I0_fraction_sphere: [0.9, 1.0]
  I0_sphere: [10.0, 1000000.0]
  sigma_sphere: [0.0, 0.1]
oleylamine_flowrate: 18.2383226596353
oleylamine_fraction: 0.2678487578806417
oleylamine_setpoint: 18.48511467297902
sample_id: RxnE_201902_1549780388
source_wavelength: 0.799898
time: 1549781386.311979
