features: {I_fluctuation: 1.0085315969809834, Ilowq_over_Imean: 7.657010213160282,
  Imax_over_Imean: 21.910567467806562, Imax_sharpness: 1.0491326996796386, best_hump_qwidth: 0.03360403018023291,
  best_hump_qwidth_log: 0.001154212315338221, best_trough_qwidth: 0.020041762424502094,
  best_trough_qwidth_log: 0.000998416517238924, logI_fluctuation: 5.971227346308747,
  logI_max_over_std: 2.987350384618458, pearson_expq: -0.42271806146504526, pearson_invexpq: 0.5304633994918914,
  pearson_q: -0.4768068599867642, pearson_q2: -0.35601878153578753, q_Icentroid: 0.1245808324768158,
  q_best_hump: 0.7446115540507361, q_best_hump_log: 0.7461774346995942, q_best_trough: 0.7520380728719533,
  q_best_trough_log: 0.7483862905313368, q_logIcentroid: 0.7850755943744049, r_fftIcentroid: 0.0529457186426814}
fit_report:
  error_weighted: 1
  good_fit: 0
  logI_weighted: 1
  q_range: [0.0, .inf]
noise:
  model: flat
  parameters:
    I0:
      bounds: [0.0, null]
      constraint_expr: null
      fixed: 0
      value: 0.001
sample_metadata: {data_file: flow_rxn_A_44_0001_dz_bgsub.dat, experiment_id: RxnA_201806,
  notes: '', sample_id: RxnA_201806_1529888243, source_wavelength: 0.799898, time: 1529888243.24451}
