features: {I_fluctuation: 0.7255504700269164, Ilowq_over_Imean: 7.312232954691947,
  Imax_over_Imean: 12.036689242377417, Imax_sharpness: 1.146543570634697, best_hump_qwidth: 0.0033658368699808617,
  best_hump_qwidth_log: 0.01255748887891117, best_trough_qwidth: 0.0003473264933910454,
  best_trough_qwidth_log: 0.0008247932317212094, logI_fluctuation: 2.789425270463736,
  logI_max_over_std: 3.6107197741805637, pearson_expq: -0.4548823731148639, pearson_invexpq: 0.5638777843971143,
  pearson_q: -0.5099962315273345, pearson_q2: -0.38686468676662916, q_Icentroid: 0.1413966968136078,
  q_best_hump: 0.05851612216925001, q_best_hump_log: 0.058810251243170464, q_best_trough: 0.003909643876905955,
  q_best_trough_log: -0.00527338192496829, q_logIcentroid: 0.1335508007357186, r_fftIcentroid: 0.03733782038154615}
fit_report:
  error_weighted: 1
  good_fit: 0
  logI_weighted: 1
  q_range: [0.0, .inf]
noise:
  model: flat
  parameters:
    I0:
      bounds: [0.0, null]
      constraint_expr: null
      fixed: 0
      value: 0.001
sample_metadata: {data_file: flow_rxn_A_3_0001_dz_bgsub.dat, experiment_id: RxnA_201806,
  notes: '', sample_id: RxnA_201806_1529874664, source_wavelength: 0.799898, time: 1529874664.655063}
