features: {I_fluctuation: 0.5653993423657234, Ilowq_over_Imean: 8.81989225959468,
  Imax_over_Imean: 16.93974009494079, Imax_sharpness: 1.0322082034693179, best_hump_qwidth: 0.0020202824725403913,
  best_hump_qwidth_log: 0.012018802084804771, best_trough_qwidth: 0.00031630694816546127,
  best_trough_qwidth_log: 0.0008516974237055036, logI_fluctuation: 8.50339463693471,
  logI_max_over_std: 2.546130283084847, pearson_expq: -0.4187647621336572, pearson_invexpq: 0.5351872988402775,
  pearson_q: -0.4771573291323304, pearson_q2: -0.3478071425365172, q_Icentroid: 0.0801127990628945,
  q_best_hump: 0.062167790344070606, q_best_hump_log: 0.06193897072200727, q_best_trough: 0.003431932714673569,
  q_best_trough_log: 0.0006550325020012182, q_logIcentroid: 0.8892349759018959, r_fftIcentroid: 0.04193605359954924}
fit_report:
  error_weighted: 1
  good_fit: 0
  logI_weighted: 1
  q_range: [0.0, .inf]
noise:
  model: flat
  parameters:
    I0:
      bounds: [0.0, null]
      constraint_expr: null
      fixed: 0
      value: 0.001
sample_metadata: {data_file: flow_rxn_A_24_0001_dz_bgsub.dat, experiment_id: RxnA_201806,
  notes: '', sample_id: RxnA_201806_1529879154, source_wavelength: 0.799898, time: 1529879154.646229}
