features: {I_fluctuation: 1.2129369341648466, Ilowq_over_Imean: 6.196942231963019,
  Imax_over_Imean: 12.181637607197779, Imax_sharpness: 1.0159260713367486, best_hump_qwidth: 0.006488028694630732,
  best_hump_qwidth_log: 0.00044976663049878696, best_trough_qwidth: 0.0003145498771540221,
  best_trough_qwidth_log: 0.0006320457250167401, logI_fluctuation: 2.948085859161874,
  logI_max_over_std: 3.9725105971949586, pearson_expq: -0.4809091019275224, pearson_invexpq: 0.5808585481275294,
  pearson_q: -0.5315917952748477, pearson_q2: -0.41670617743641614, q_Icentroid: 0.18631985613646507,
  q_best_hump: 0.7544395034476448, q_best_hump_log: 0.7561493601691168, q_best_trough: 0.0031711852870997537,
  q_best_trough_log: -0.00015702189425237378, q_logIcentroid: 0.1527255527409201,
  r_fftIcentroid: 0.0457063903580039}
fit_report:
  error_weighted: 1
  good_fit: 0
  logI_weighted: 1
  q_range: [0.0, .inf]
noise:
  model: flat
  parameters:
    I0:
      bounds: [0.0, null]
      constraint_expr: null
      fixed: 0
      value: 0.001
sample_metadata: {data_file: flow_rxn_A_12_0001_dz_bgsub.dat, experiment_id: RxnA_201806,
  notes: '', sample_id: RxnA_201806_1529876650, source_wavelength: 0.799898, time: 1529876650.640445}
