features: {I_fluctuation: 1.3656359606667907, Ilowq_over_Imean: 6.585710825135984,
  Imax_over_Imean: 13.89979716636782, Imax_sharpness: 1.1229539455778703, best_hump_qwidth: 0.002345427981245063,
  best_hump_qwidth_log: 0.008414322883144323, best_trough_qwidth: 0.006700603271040914,
  best_trough_qwidth_log: 0.005169530067860309, logI_fluctuation: 5.721975761715144,
  logI_max_over_std: 3.1315872155967726, pearson_expq: -0.47729789638492776, pearson_invexpq: 0.5780111824213002,
  pearson_q: -0.5288294597793314, pearson_q2: -0.41318630472699225, q_Icentroid: 0.1677570853799384,
  q_best_hump: 0.08621847598924842, q_best_hump_log: 0.08756428477160189, q_best_trough: 0.1401113741444503,
  q_best_trough_log: 0.1427963932747527, q_logIcentroid: 1.5019438843006734, r_fftIcentroid: 0.0423628189214741}
fit_report:
  error_weighted: 1
  good_fit: 0
  logI_weighted: 1
  q_range: [0.0, .inf]
noise:
  model: flat
  parameters:
    I0:
      bounds: [0.0, null]
      constraint_expr: null
      fixed: 0
      value: 0.001
sample_metadata: {data_file: flow_rxn_A_68_0001_dz_bgsub.dat, experiment_id: RxnA_201806,
  notes: '', sample_id: RxnA_201806_1529894085, source_wavelength: 0.799898, time: 1529894085.028785}
