features: {I_fluctuation: 1.6702799831495403, Ilowq_over_Imean: 7.333246734423743,
  Imax_over_Imean: 15.073000321334627, Imax_sharpness: 1.0354445713704636, best_hump_qwidth: 0.0014349866588077756,
  best_hump_qwidth_log: 0.005665248474056652, best_trough_qwidth: 0.015310323257955715,
  best_trough_qwidth_log: 0.0006268306033575689, logI_fluctuation: 7.214434635933048,
  logI_max_over_std: 2.7289377673120527, pearson_expq: -0.44975318311665236, pearson_invexpq: 0.557038511924248,
  pearson_q: -0.5040033009469194, pearson_q2: -0.3827583950322007, q_Icentroid: 0.13990303267519602,
  q_best_hump: 0.049461358778889075, q_best_hump_log: 0.04982009516814684, q_best_trough: 0.7521509631815,
  q_best_trough_log: 0.7528016094223706, q_logIcentroid: 0.7890852761641407, r_fftIcentroid: 0.05452979915877465}
fit_report:
  error_weighted: 1
  good_fit: 0
  logI_weighted: 1
  q_range: [0.0, .inf]
noise:
  model: flat
  parameters:
    I0:
      bounds: [0.0, null]
      constraint_expr: null
      fixed: 0
      value: 0.001
sample_metadata: {data_file: flow_rxn_A_40_0001_dz_bgsub.dat, experiment_id: RxnA_201806,
  notes: '', sample_id: RxnA_201806_1529886403, source_wavelength: 0.799898, time: 1529886403.809248}
