features: {I_fluctuation: 0.6362029564278758, Ilowq_over_Imean: 7.692156119270423,
  Imax_over_Imean: 12.766943578331109, Imax_sharpness: 1.0108661704867017, best_hump_qwidth: 0.007090917057328268,
  best_hump_qwidth_log: 0.03298211086449081, best_trough_qwidth: 0.00035528661612640013,
  best_trough_qwidth_log: 0.0010140100615724226, logI_fluctuation: 2.9036273953500915,
  logI_max_over_std: 3.5439428553915824, pearson_expq: -0.44718986504225994, pearson_invexpq: 0.5594430108741455,
  pearson_q: -0.5037738272561164, pearson_q2: -0.3776537799533687, q_Icentroid: 0.12642618021016097,
  q_best_hump: 0.06571012156501949, q_best_hump_log: 0.06592384281665714, q_best_trough: 0.0033515793659297244,
  q_best_trough_log: -0.008607525580717645, q_logIcentroid: 0.10594549575426387, r_fftIcentroid: 0.03865020170791376}
fit_report:
  error_weighted: 1
  good_fit: 0
  logI_weighted: 1
  q_range: [0.0, .inf]
noise:
  model: flat
  parameters:
    I0:
      bounds: [0.0, null]
      constraint_expr: null
      fixed: 0
      value: 0.001
sample_metadata: {data_file: flow_rxn_A_7_0001_dz_bgsub.dat, experiment_id: RxnA_201806,
  notes: '', sample_id: RxnA_201806_1529875481, source_wavelength: 0.799898, time: 1529875481.634698}
