features: {I_fluctuation: 0.9304461389861953, Ilowq_over_Imean: 7.934684956222221,
  Imax_over_Imean: 20.17802971569199, Imax_sharpness: 1.0412808307954518, best_hump_qwidth: 0.0012552482842171108,
  best_hump_qwidth_log: 0.005353421400519564, best_trough_qwidth: 0.0003999074061123641,
  best_trough_qwidth_log: 0.0009387109116528385, logI_fluctuation: 7.44699731444288,
  logI_max_over_std: 2.952330678733137, pearson_expq: -0.42591439844043505, pearson_invexpq: 0.5375698149549746,
  pearson_q: -0.481856249449598, pearson_q2: -0.35707597332149116, q_Icentroid: 0.115883133306679,
  q_best_hump: 0.05770076373381949, q_best_hump_log: 0.05735507519329175, q_best_trough: -0.0013703189114373515,
  q_best_trough_log: -0.00029157477557584244, q_logIcentroid: 0.8058776776343367,
  r_fftIcentroid: 0.05009141768492215}
fit_report:
  error_weighted: 1
  good_fit: 0
  logI_weighted: 1
  q_range: [0.0, .inf]
noise:
  model: flat
  parameters:
    I0:
      bounds: [0.0, null]
      constraint_expr: null
      fixed: 0
      value: 0.001
sample_metadata: {data_file: flow_rxn_A_46_0001_dz_bgsub.dat, experiment_id: RxnA_201806,
  notes: '', sample_id: RxnA_201806_1529889119, source_wavelength: 0.799898, time: 1529889119.638136}
