features: {I_fluctuation: 0.4696921354293475, Ilowq_over_Imean: 8.111672609203449,
  Imax_over_Imean: 19.879091495380948, Imax_sharpness: 1.040024063763971, best_hump_qwidth: 0.0013465852589018114,
  best_hump_qwidth_log: 0.006004250737873205, best_trough_qwidth: 0.00037822622109359244,
  best_trough_qwidth_log: 0.0012625779487429728, logI_fluctuation: 4.609620226607313,
  logI_max_over_std: 3.1569183744554157, pearson_expq: -0.42908245151317786, pearson_invexpq: 0.5435203728727196,
  pearson_q: -0.4864572930724402, pearson_q2: -0.3587875023827355, q_Icentroid: 0.10472594409117432,
  q_best_hump: 0.06248907221159805, q_best_hump_log: 0.061991881667407545, q_best_trough: -0.0007698760773087177,
  q_best_trough_log: -0.0066343389963129384, q_logIcentroid: 4.297732897040313, r_fftIcentroid: 0.048061066506227164}
fit_report:
  error_weighted: 1
  good_fit: 0
  logI_weighted: 1
  q_range: [0.0, .inf]
noise:
  model: flat
  parameters:
    I0:
      bounds: [0.0, null]
      constraint_expr: null
      fixed: 0
      value: 0.001
sample_metadata: {data_file: flow_rxn_A_74_0001_dz_bgsub.dat, experiment_id: RxnA_201806,
  notes: '', sample_id: RxnA_201806_1529895841, source_wavelength: 0.799898, time: 1529895841.986076}
