features: {I_fluctuation: 0.3091589506490762, Ilowq_over_Imean: 8.71359767044298,
  Imax_over_Imean: 26.40287381889045, Imax_sharpness: 1.0522407474119382, best_hump_qwidth: 0.0011204178763391777,
  best_hump_qwidth_log: 0.005826461333319183, best_trough_qwidth: 0.00033676317391888983,
  best_trough_qwidth_log: 0.0012040165464946787, logI_fluctuation: 6.050965670315527,
  logI_max_over_std: 3.1122178501212576, pearson_expq: -0.3887515723002993, pearson_invexpq: 0.4993197606712895,
  pearson_q: -0.44388128100601115, pearson_q2: -0.321391823233068, q_Icentroid: 0.08107911164474622,
  q_best_hump: 0.06291299393701433, q_best_hump_log: 0.06273903291883276, q_best_trough: -0.0012440704892404675,
  q_best_trough_log: -0.0065821643374908145, q_logIcentroid: 1.3118439678940677, r_fftIcentroid: 0.04786557446061518}
fit_report:
  error_weighted: 1
  good_fit: 0
  logI_weighted: 1
  q_range: [0.0, .inf]
noise:
  model: flat
  parameters:
    I0:
      bounds: [0.0, null]
      constraint_expr: null
      fixed: 0
      value: 0.001
sample_metadata: {data_file: flow_rxn_A_56_0001_dz_bgsub.dat, experiment_id: RxnA_201806,
  notes: '', sample_id: RxnA_201806_1529891630, source_wavelength: 0.799898, time: 1529891630.019882}
