features: {I_fluctuation: 1.5696194976605542, Ilowq_over_Imean: 7.410249828472307,
  Imax_over_Imean: 16.297029764469478, Imax_sharpness: 1.0598629462729934, best_hump_qwidth: 0.0014350859310009547,
  best_hump_qwidth_log: 0.005691692569675029, best_trough_qwidth: 0.030525442256085316,
  best_trough_qwidth_log: 0.0011168272756798205, logI_fluctuation: 7.784728729627177,
  logI_max_over_std: 2.6005678350591412, pearson_expq: -0.44849748003289697, pearson_invexpq: 0.5571452785536827,
  pearson_q: -0.5033348996169641, pearson_q2: -0.38078718628195435, q_Icentroid: 0.13629980245674567,
  q_best_hump: 0.0508410863763058, q_best_hump_log: 0.051268065632887216, q_best_trough: 0.743413684220003,
  q_best_trough_log: 0.7448015649789306, q_logIcentroid: 0.6971801881291154, r_fftIcentroid: 0.05426737114490982}
fit_report:
  error_weighted: 1
  good_fit: 0
  logI_weighted: 1
  q_range: [0.0, .inf]
noise:
  model: flat
  parameters:
    I0:
      bounds: [0.0, null]
      constraint_expr: null
      fixed: 0
      value: 0.001
sample_metadata: {data_file: flow_rxn_A_43_0001_dz_bgsub.dat, experiment_id: RxnA_201806,
  notes: '', sample_id: RxnA_201806_1529887775, source_wavelength: 0.799898, time: 1529887775.024791}
