features: {I_fluctuation: 1.2906493641171712, Ilowq_over_Imean: 7.937830638800844,
  Imax_over_Imean: 15.483543131565808, Imax_sharpness: 1.0480193719707693, best_hump_qwidth: 0.0026295146901665926,
  best_hump_qwidth_log: 0.012825727797526144, best_trough_qwidth: 0.00033710562859021626,
  best_trough_qwidth_log: 0.0008114986602458508, logI_fluctuation: 9.55869932140644,
  logI_max_over_std: 2.491234984585003, pearson_expq: -0.4512844331496131, pearson_invexpq: 0.5682665841984579,
  pearson_q: -0.5102112000738137, pearson_q2: -0.3792545336626149, q_Icentroid: 0.10833743964656506,
  q_best_hump: 0.06265293980173059, q_best_hump_log: 0.06251114867484348, q_best_trough: 0.0028895740989732244,
  q_best_trough_log: 0.0016692679021790835, q_logIcentroid: 0.7569833589571284, r_fftIcentroid: 0.047141435433194094}
fit_report:
  error_weighted: 1
  good_fit: 0
  logI_weighted: 1
  q_range: [0.0, .inf]
noise:
  model: flat
  parameters:
    I0:
      bounds: [0.0, null]
      constraint_expr: null
      fixed: 0
      value: 0.001
sample_metadata: {data_file: flow_rxn_A_21_0001_dz_bgsub.dat, experiment_id: RxnA_201806,
  notes: '', sample_id: RxnA_201806_1529878574, source_wavelength: 0.799898, time: 1529878574.243406}
