features: {I_fluctuation: 1.1319153581627184, Ilowq_over_Imean: 7.9163459965410645,
  Imax_over_Imean: 15.28691471315324, Imax_sharpness: 1.0482981903162132, best_hump_qwidth: 0.020392233032201626,
  best_hump_qwidth_log: 0.06254013716557956, best_trough_qwidth: 0.0006099724040008265,
  best_trough_qwidth_log: 0.0013178260936674837, logI_fluctuation: 8.95531194131641,
  logI_max_over_std: 2.502308811162955, pearson_expq: -0.44291547947942134, pearson_invexpq: 0.553731623888914,
  pearson_q: -0.4990241171601423, pearson_q2: -0.37443170519199204, q_Icentroid: 0.11437489127699724,
  q_best_hump: -0.09755218737194826, q_best_hump_log: -0.05030930473888806, q_best_trough: -0.0036859176214179,
  q_best_trough_log: -0.0025026490737979357, q_logIcentroid: 0.7796116000426965, r_fftIcentroid: 0.049243061914794106}
fit_report:
  error_weighted: 1
  good_fit: 0
  logI_weighted: 1
  q_range: [0.0, .inf]
noise:
  model: flat
  parameters:
    I0:
      bounds: [0.0, null]
      constraint_expr: null
      fixed: 0
      value: 0.001
sample_metadata: {data_file: flow_rxn_A_60_0001_dz_bgsub.dat, experiment_id: RxnA_201806,
  notes: '', sample_id: RxnA_201806_1529892404, source_wavelength: 0.799898, time: 1529892404.236878}
