features: {I_fluctuation: 0.7777875713726757, Ilowq_over_Imean: 6.3770072395387745,
  Imax_over_Imean: 15.012429634506079, Imax_sharpness: 1.0130641072974271, best_hump_qwidth: 0.008218273638990345,
  best_hump_qwidth_log: 0.0004968848434818166, best_trough_qwidth: 0.0002524641158048525,
  best_trough_qwidth_log: 0.0006861155410540867, logI_fluctuation: 2.8940460728846844,
  logI_max_over_std: 4.115523010775569, pearson_expq: -0.4524235289571141, pearson_invexpq: 0.5509235334037903,
  pearson_q: -0.5020933231791651, pearson_q2: -0.3895987244506464, q_Icentroid: 0.17906125852610574,
  q_best_hump: 0.7534931568550152, q_best_hump_log: 0.7557857811132038, q_best_trough: 0.003811745459698257,
  q_best_trough_log: -0.0028649975266280547, q_logIcentroid: 0.10538955057890023,
  r_fftIcentroid: 0.04407426824772974}
fit_report:
  error_weighted: 1
  good_fit: 0
  logI_weighted: 1
  q_range: [0.0, .inf]
noise:
  model: flat
  parameters:
    I0:
      bounds: [0.0, null]
      constraint_expr: null
      fixed: 0
      value: 0.001
sample_metadata: {data_file: flow_rxn_A_15_0001_dz_bgsub.dat, experiment_id: RxnA_201806,
  notes: '', sample_id: RxnA_201806_1529877306, source_wavelength: 0.799898, time: 1529877306.244309}
