features: {I_fluctuation: 1.5962282733393172, Ilowq_over_Imean: 7.038950392053569,
  Imax_over_Imean: 12.035309828317228, Imax_sharpness: 1.1216106618024295, best_hump_qwidth: 0.0028301237721635505,
  best_hump_qwidth_log: 0.010615665957024966, best_trough_qwidth: 0.0005486925824068039,
  best_trough_qwidth_log: 0.001780520378665684, logI_fluctuation: 5.867337742596048,
  logI_max_over_std: 2.8289508085152684, pearson_expq: -0.4818281192201141, pearson_invexpq: 0.5920708219453453,
  pearson_q: -0.5377602809914185, pearson_q2: -0.4125249952411642, q_Icentroid: 0.15081995073109855,
  q_best_hump: 0.047210746562030836, q_best_hump_log: 0.04831614834061698, q_best_trough: 0.0001816060109446349,
  q_best_trough_log: -0.009201525856350812, q_logIcentroid: 1.5259631297389171, r_fftIcentroid: 0.046462006494606134}
fit_report:
  error_weighted: 1
  good_fit: 0
  logI_weighted: 1
  q_range: [0.0, .inf]
noise:
  model: flat
  parameters:
    I0:
      bounds: [0.0, null]
      constraint_expr: null
      fixed: 0
      value: 0.001
sample_metadata: {data_file: flow_rxn_A_84_0001_dz_bgsub.dat, experiment_id: RxnA_201806,
  notes: '', sample_id: RxnA_201806_1529900354, source_wavelength: 0.799898, time: 1529900354.395202}
