features: {I_fluctuation: 1.2217785255699263, Ilowq_over_Imean: 7.91762786161375,
  Imax_over_Imean: 17.74032889851106, Imax_sharpness: 1.0411314878517315, best_hump_qwidth: 0.0009136689550424626,
  best_hump_qwidth_log: 0.0037377928206639983, best_trough_qwidth: 0.00027490266014083766,
  best_trough_qwidth_log: 0.0006488358592624479, logI_fluctuation: 7.538861185731369,
  logI_max_over_std: 2.654456931277592, pearson_expq: -0.42965933550155333, pearson_invexpq: 0.5395124662720859,
  pearson_q: -0.48495109519628726, pearson_q2: -0.3618132947783902, q_Icentroid: 0.11582765684565957,
  q_best_hump: 0.05868839401795306, q_best_hump_log: 0.05867795063264142, q_best_trough: 0.003994980423300043,
  q_best_trough_log: 0.003808053646029097, q_logIcentroid: 0.7071882996085559, r_fftIcentroid: 0.050299385469006884}
fit_report:
  error_weighted: 1
  good_fit: 0
  logI_weighted: 1
  q_range: [0.0, .inf]
noise:
  model: flat
  parameters:
    I0:
      bounds: [0.0, null]
      constraint_expr: null
      fixed: 0
      value: 0.001
sample_metadata: {data_file: flow_rxn_A_16_0001_dz_bgsub.dat, experiment_id: RxnA_201806,
  notes: '', sample_id: RxnA_201806_1529877586, source_wavelength: 0.799898, time: 1529877586.817434}
