features: {I_fluctuation: 0.6224779978093286, Ilowq_over_Imean: 8.436421880787181,
  Imax_over_Imean: 16.822582289690356, Imax_sharpness: 1.0156944968118693, best_hump_qwidth: 0.0014003080951449356,
  best_hump_qwidth_log: 0.00676157896720655, best_trough_qwidth: 0.0003163054238449071,
  best_trough_qwidth_log: 0.0010338829649835534, logI_fluctuation: 6.018940114536454,
  logI_max_over_std: 2.7684515967327186, pearson_expq: -0.4202044055175578, pearson_invexpq: 0.531482910450255,
  pearson_q: -0.4762769059113967, pearson_q2: -0.3519715035597326, q_Icentroid: 0.09682194242620669,
  q_best_hump: 0.052524494482061035, q_best_hump_log: 0.05295545649557082, q_best_trough: 0.003373147700719503,
  q_best_trough_log: -0.0029252078319731423, q_logIcentroid: 1.199947901961734, r_fftIcentroid: 0.039009154520050826}
fit_report:
  error_weighted: 1
  good_fit: 0
  logI_weighted: 1
  q_range: [0.0, .inf]
noise:
  model: flat
  parameters:
    I0:
      bounds: [0.0, null]
      constraint_expr: null
      fixed: 0
      value: 0.001
sample_metadata: {data_file: flow_rxn_A_35_0001_dz_bgsub.dat, experiment_id: RxnA_201806,
  notes: '', sample_id: RxnA_201806_1529884206, source_wavelength: 0.799898, time: 1529884206.625753}
