features: {I_fluctuation: 1.0454014911127627, Ilowq_over_Imean: 7.779865518097029,
  Imax_over_Imean: 12.952206472699677, Imax_sharpness: 1.0712306791545145, best_hump_qwidth: 0.013895010766004492,
  best_hump_qwidth_log: 0.0710999030922253, best_trough_qwidth: 0.0005609712503145855,
  best_trough_qwidth_log: 0.001582610411754201, logI_fluctuation: 5.892760360512053,
  logI_max_over_std: 2.5857175822924523, pearson_expq: -0.45779076690401144, pearson_invexpq: 0.5715963813687306,
  pearson_q: -0.5154060738708337, pearson_q2: -0.3873559525781086, q_Icentroid: 0.11966787131998775,
  q_best_hump: 0.13802819790631538, q_best_hump_log: 0.1493345325802528, q_best_trough: -0.00014272885424859716,
  q_best_trough_log: -0.0057566353828033545, q_logIcentroid: 1.0340961856664983, r_fftIcentroid: 0.04236104346610688}
fit_report:
  error_weighted: 1
  good_fit: 0
  logI_weighted: 1
  q_range: [0.0, .inf]
noise:
  model: flat
  parameters:
    I0:
      bounds: [0.0, null]
      constraint_expr: null
      fixed: 0
      value: 0.001
sample_metadata: {data_file: flow_rxn_A_77_0001_dz_bgsub.dat, experiment_id: RxnA_201806,
  notes: '', sample_id: RxnA_201806_1529897190, source_wavelength: 0.799898, time: 1529897190.204129}
