features: {I_fluctuation: 0.3257918943383265, Ilowq_over_Imean: 8.268559882110477,
  Imax_over_Imean: 29.34648700933244, Imax_sharpness: 1.0301927713753074, best_hump_qwidth: 0.0008238455041099673,
  best_hump_qwidth_log: 0.0042344239002307694, best_trough_qwidth: 0.00036149991608936587,
  best_trough_qwidth_log: 0.0011345721329539306, logI_fluctuation: 4.824263003694521,
  logI_max_over_std: 3.519122122133018, pearson_expq: -0.3730770816796283, pearson_invexpq: 0.4772728377570935,
  pearson_q: -0.4249282475910338, pearson_q2: -0.3093192751431775, q_Icentroid: 0.09712580881874223,
  q_best_hump: 0.06038773400567182, q_best_hump_log: 0.06086551749392993, q_best_trough: -0.003599484427120103,
  q_best_trough_log: -0.007456911903199637, q_logIcentroid: 1.9428023453092162, r_fftIcentroid: 0.05028046834338336}
fit_report:
  error_weighted: 1
  good_fit: 0
  logI_weighted: 1
  q_range: [0.0, .inf]
noise:
  model: flat
  parameters:
    I0:
      bounds: [0.0, null]
      constraint_expr: null
      fixed: 0
      value: 0.001
sample_metadata: {data_file: flow_rxn_A_50_0001_dz_bgsub.dat, experiment_id: RxnA_201806,
  notes: '', sample_id: RxnA_201806_1529890498, source_wavelength: 0.799898, time: 1529890498.628131}
