features: {I_fluctuation: 1.3024442934044451, Ilowq_over_Imean: 6.407144324663986,
  Imax_over_Imean: 10.654011052202254, Imax_sharpness: 1.159905115563634, best_hump_qwidth: 0.0018387666360472911,
  best_hump_qwidth_log: 0.0064394376831504955, best_trough_qwidth: 0.00039762297376721165,
  best_trough_qwidth_log: 0.0008281433008397104, logI_fluctuation: 3.395959598751055,
  logI_max_over_std: 3.6260854441097012, pearson_expq: -0.48507484856517646, pearson_invexpq: 0.5873503542471666,
  pearson_q: -0.5370982146034206, pearson_q2: -0.41971177328019493, q_Icentroid: 0.17827353591656953,
  q_best_hump: 0.05479925435388505, q_best_hump_log: 0.0549994004319852, q_best_trough: 0.002214701702780708,
  q_best_trough_log: -0.004898008878332916, q_logIcentroid: 0.10385174796681021, r_fftIcentroid: 0.0422856097184073}
fit_report:
  error_weighted: 1
  good_fit: 0
  logI_weighted: 1
  q_range: [0.0, .inf]
noise:
  model: flat
  parameters:
    I0:
      bounds: [0.0, null]
      constraint_expr: null
      fixed: 0
      value: 0.001
sample_metadata: {data_file: flow_rxn_A_9_0001_dz_bgsub.dat, experiment_id: RxnA_201806,
  notes: '', sample_id: RxnA_201806_1529875898, source_wavelength: 0.799898, time: 1529875898.243797}
