features: {I_fluctuation: 0.7004934712948038, Ilowq_over_Imean: 8.481098908216687,
  Imax_over_Imean: 17.182679400003526, Imax_sharpness: 1.1498967779650835, best_hump_qwidth: 0.009696127132233211,
  best_hump_qwidth_log: 0.03570143914054407, best_trough_qwidth: 0.0005539708575503006,
  best_trough_qwidth_log: 0.001221654076601707, logI_fluctuation: 7.072984784266892,
  logI_max_over_std: 2.727317416358393, pearson_expq: -0.42419715210056014, pearson_invexpq: 0.534514588395551,
  pearson_q: -0.4800681361591794, pearson_q2: -0.35652797273803366, q_Icentroid: 0.09661457316099398,
  q_best_hump: 0.12946506845557815, q_best_hump_log: 0.10697143807992499, q_best_trough: 0.0018319863713388007,
  q_best_trough_log: -0.003947363196097564, q_logIcentroid: 1.1292384068205932, r_fftIcentroid: 0.03666436069268078}
fit_report:
  error_weighted: 1
  good_fit: 0
  logI_weighted: 1
  q_range: [0.0, .inf]
noise:
  model: flat
  parameters:
    I0:
      bounds: [0.0, null]
      constraint_expr: null
      fixed: 0
      value: 0.001
sample_metadata: {data_file: flow_rxn_A_31_0001_dz_bgsub.dat, experiment_id: RxnA_201806,
  notes: '', sample_id: RxnA_201806_1529882370, source_wavelength: 0.799898, time: 1529882370.09562}
