features: {I_fluctuation: 0.5861380254462611, Ilowq_over_Imean: 8.167055492044776,
  Imax_over_Imean: 20.587497414374063, Imax_sharpness: 1.0395135069971935, best_hump_qwidth: 0.0016587493110784563,
  best_hump_qwidth_log: 0.006681279802111993, best_trough_qwidth: 0.00044416242341263704,
  best_trough_qwidth_log: 0.0016144123311883517, logI_fluctuation: 6.58606955652518,
  logI_max_over_std: 2.8595138092781496, pearson_expq: -0.42914198984000507, pearson_invexpq: 0.5421051072355961,
  pearson_q: -0.4859658687618008, pearson_q2: -0.3597308609772417, q_Icentroid: 0.10292759814770452,
  q_best_hump: 0.05518223966857688, q_best_hump_log: 0.05545990681369878, q_best_trough: -0.0030756717173548997,
  q_best_trough_log: -0.011647495428283472, q_logIcentroid: 0.9584613185821609, r_fftIcentroid: 0.0477376068505449}
fit_report:
  error_weighted: 1
  good_fit: 0
  logI_weighted: 1
  q_range: [0.0, .inf]
noise:
  model: flat
  parameters:
    I0:
      bounds: [0.0, null]
      constraint_expr: null
      fixed: 0
      value: 0.001
sample_metadata: {data_file: flow_rxn_A_58_0001_dz_bgsub.dat, experiment_id: RxnA_201806,
  notes: '', sample_id: RxnA_201806_1529892022, source_wavelength: 0.799898, time: 1529892022.79265}
