features: {I_fluctuation: 1.1009796049401903, Ilowq_over_Imean: 6.683894986309603,
  Imax_over_Imean: 18.541275166914804, Imax_sharpness: 1.057694432137108, best_hump_qwidth: 0.0006856517867775108,
  best_hump_qwidth_log: 0.0015474879400485923, best_trough_qwidth: 0.020430671603763034,
  best_trough_qwidth_log: 0.0010272635933939091, logI_fluctuation: 5.150511365324636,
  logI_max_over_std: 3.543727747202979, pearson_expq: -0.40821274191101625, pearson_invexpq: 0.5058421786304445,
  pearson_q: -0.4567562267317354, pearson_q2: -0.34665811128648355, q_Icentroid: 0.16490582830519704,
  q_best_hump: 0.035317299127778534, q_best_hump_log: 0.037804659481046055, q_best_trough: 0.7457566153712422,
  q_best_trough_log: 0.7460813972110607, q_logIcentroid: 1.0221843117149396, r_fftIcentroid: 0.04853828768411827}
fit_report:
  error_weighted: 1
  good_fit: 0
  logI_weighted: 1
  q_range: [0.0, .inf]
noise:
  model: flat
  parameters:
    I0:
      bounds: [0.0, null]
      constraint_expr: null
      fixed: 0
      value: 0.001
sample_metadata: {data_file: flow_rxn_A_86_0001_dz_bgsub.dat, experiment_id: RxnA_201806,
  notes: '', sample_id: RxnA_201806_1529901261, source_wavelength: 0.799898, time: 1529901261.81715}
