features: {I_fluctuation: 0.21899817698075505, Ilowq_over_Imean: 8.79856815793252,
  Imax_over_Imean: 33.082179495229305, Imax_sharpness: 1.0660649663077817, best_hump_qwidth: 0.0009769688309497623,
  best_hump_qwidth_log: 0.006628399058965293, best_trough_qwidth: 0.0003623972606962088,
  best_trough_qwidth_log: 0.0014383348199168582, logI_fluctuation: 4.9898436180777805,
  logI_max_over_std: 3.550386683912399, pearson_expq: -0.35384437649100065, pearson_invexpq: 0.45761236774205377,
  pearson_q: -0.40531901117468133, pearson_q2: -0.2907619035693096, q_Icentroid: 0.07666740574105191,
  q_best_hump: 0.06443049884926128, q_best_hump_log: 0.06928752797814175, q_best_trough: -0.003811117066542802,
  q_best_trough_log: -0.014497022918517177, q_logIcentroid: 12.908212466468862, r_fftIcentroid: 0.04984446050407002}
fit_report:
  error_weighted: 1
  good_fit: 0
  logI_weighted: 1
  q_range: [0.0, .inf]
noise:
  model: flat
  parameters:
    I0:
      bounds: [0.0, null]
      constraint_expr: null
      fixed: 0
      value: 0.001
sample_metadata: {data_file: flow_rxn_A_52_0001_dz_bgsub.dat, experiment_id: RxnA_201806,
  notes: '', sample_id: RxnA_201806_1529890867, source_wavelength: 0.799898, time: 1529890867.199332}
