features: {I_fluctuation: 0.49224719514771814, Ilowq_over_Imean: 8.26271327096668,
  Imax_over_Imean: 26.0004363603083, Imax_sharpness: 1.0697451232815087, best_hump_qwidth: 0.0011150868964949952,
  best_hump_qwidth_log: 0.005486421582671625, best_trough_qwidth: 0.00038753402110605417,
  best_trough_qwidth_log: 0.0012205827994987376, logI_fluctuation: 5.248194830207035,
  logI_max_over_std: 3.4533146771362766, pearson_expq: -0.38983528404949847, pearson_invexpq: 0.4975154349563865,
  pearson_q: -0.44346267694862235, pearson_q2: -0.3238428482623396, q_Icentroid: 0.10190031814898064,
  q_best_hump: 0.06214867977189453, q_best_hump_log: 0.06262754048183289, q_best_trough: -0.00328256735435839,
  q_best_trough_log: -0.008437616329341258, q_logIcentroid: 1.655332320293599, r_fftIcentroid: 0.04907065460001291}
fit_report:
  error_weighted: 1
  good_fit: 0
  logI_weighted: 1
  q_range: [0.0, .inf]
noise:
  model: flat
  parameters:
    I0:
      bounds: [0.0, null]
      constraint_expr: null
      fixed: 0
      value: 0.001
sample_metadata: {data_file: flow_rxn_A_49_0001_dz_bgsub.dat, experiment_id: RxnA_201806,
  notes: '', sample_id: RxnA_201806_1529890280, source_wavelength: 0.799898, time: 1529890280.029579}
