features: {I_fluctuation: 0.18039366043203808, Ilowq_over_Imean: 8.923364502420338,
  Imax_over_Imean: 32.97149641996706, Imax_sharpness: 1.059167487899401, best_hump_qwidth: 0.001064586084919778,
  best_hump_qwidth_log: 0.005778840181152913, best_trough_qwidth: 0.0003006967562329915,
  best_trough_qwidth_log: 0.00107019736354753, logI_fluctuation: 4.916430679856277,
  logI_max_over_std: 3.378227906933853, pearson_expq: -0.3518801417424893, pearson_invexpq: 0.4557286292158569,
  pearson_q: -0.4034161883240031, pearson_q2: -0.28883416023759984, q_Icentroid: 0.0712917708146296,
  q_best_hump: 0.06614111974732223, q_best_hump_log: 0.06821921108566531, q_best_trough: -0.0008959165370553412,
  q_best_trough_log: -0.004945869722384866, q_logIcentroid: 2.588314207771866, r_fftIcentroid: 0.047929996223723154}
fit_report:
  error_weighted: 1
  good_fit: 0
  logI_weighted: 1
  q_range: [0.0, .inf]
noise:
  model: flat
  parameters:
    I0:
      bounds: [0.0, null]
      constraint_expr: null
      fixed: 0
      value: 0.001
sample_metadata: {data_file: flow_rxn_A_53_0001_dz_bgsub.dat, experiment_id: RxnA_201806,
  notes: '', sample_id: RxnA_201806_1529891054, source_wavelength: 0.799898, time: 1529891054.82364}
