features: {I_fluctuation: 0.8121183606143074, Ilowq_over_Imean: 7.707745374474356,
  Imax_over_Imean: 21.188110179846138, Imax_sharpness: 1.0510774253399569, best_hump_qwidth: 0.001301229136284903,
  best_hump_qwidth_log: 0.004665200762187276, best_trough_qwidth: 0.0003000721911200998,
  best_trough_qwidth_log: 0.0007799178791153609, logI_fluctuation: 6.588239242540072,
  logI_max_over_std: 3.1352395416869414, pearson_expq: -0.42209946521948094, pearson_invexpq: 0.5297111634095516,
  pearson_q: -0.47611572798620705, pearson_q2: -0.355481488331589, q_Icentroid: 0.12443552375376167,
  q_best_hump: 0.056609561074530745, q_best_hump_log: 0.056562710240298575, q_best_trough: 0.001841688283606202,
  q_best_trough_log: 0.0012008351843217357, q_logIcentroid: 0.8744375193983568, r_fftIcentroid: 0.046359025399048195}
fit_report:
  error_weighted: 1
  good_fit: 0
  logI_weighted: 1
  q_range: [0.0, .inf]
noise:
  model: flat
  parameters:
    I0:
      bounds: [0.0, null]
      constraint_expr: null
      fixed: 0
      value: 0.001
sample_metadata: {data_file: flow_rxn_A_39_0001_dz_bgsub.dat, experiment_id: RxnA_201806,
  notes: '', sample_id: RxnA_201806_1529885963, source_wavelength: 0.799898, time: 1529885963.191493}
