features: {I_fluctuation: 0.6506500434437971, Ilowq_over_Imean: 8.325917537583875,
  Imax_over_Imean: 16.523420532758657, Imax_sharpness: 1.1467958496304462, best_hump_qwidth: 0.016715563460697417,
  best_hump_qwidth_log: 0.03843195111375267, best_trough_qwidth: 0.0005574613411565698,
  best_trough_qwidth_log: 0.0015794372882903755, logI_fluctuation: 5.896711841965095,
  logI_max_over_std: 2.8634666105234836, pearson_expq: -0.42872084897929874, pearson_invexpq: 0.5389721785303214,
  pearson_q: -0.48458827076714894, pearson_q2: -0.36096870288734845, q_Icentroid: 0.10184942940804861,
  q_best_hump: 0.18289549286635925, q_best_hump_log: 0.11492674976239453, q_best_trough: 0.0016288690347741608,
  q_best_trough_log: -0.010898434096703435, q_logIcentroid: 1.85667639483277, r_fftIcentroid: 0.0357737038737906}
fit_report:
  error_weighted: 1
  good_fit: 0
  logI_weighted: 1
  q_range: [0.0, .inf]
noise:
  model: flat
  parameters:
    I0:
      bounds: [0.0, null]
      constraint_expr: null
      fixed: 0
      value: 0.001
sample_metadata: {data_file: flow_rxn_A_30_0001_dz_bgsub.dat, experiment_id: RxnA_201806,
  notes: '', sample_id: RxnA_201806_1529881895, source_wavelength: 0.799898, time: 1529881895.667716}
