{ODE_extra_flowrate: 3.0434703221773978, ODE_extra_fraction: 0.03281135953407056,
  ODE_extra_setpoint: 3.2023190936366044, ODE_flowrate: -0.013741422190501108, ODE_setpoint: 0.0,
  Pd_TOP_flowrate: 91.50177035307507, Pd_TOP_setpoint: 91.86942471389497, TOP_flowrate: 1.7170692095994773,
  TOP_fraction: 0.01857128252430159, TOP_setpoint: 1.8125283936223255, T_read_A: 221.3034,
  T_set: 221.31709863130595, experiment_id: RxnC_201902, exposure_time: 10.0, flowrate: 97.59828745225522,
  oleylamine_flowrate: 0.8312978113093351, oleylamine_fraction: 0.007316264343355505,
  oleylamine_setpoint: 0.7140349463994472, source_wavelength: 0.799898, time: 1549626072.47585}
