{ODE_extra_flowrate: 0.4192123442582441, ODE_extra_fraction: 0.010657446623807883,
  ODE_extra_setpoint: 0.37759267638062566, ODE_flowrate: 1.98217330814628, ODE_setpoint: 0.0,
  Pd_TOP_flowrate: 30.755999912420336, Pd_TOP_setpoint: 29.6129070759752, TOP_flowrate: 0.008448385744430414,
  TOP_fraction: 0.00044678105976406896, TOP_setpoint: 0.0, T_read_A: 242.601, T_set: 242.6581616307842,
  experiment_id: RxnC_201902, exposure_time: 10.0, flowrate: 35.428198281893536, oleylamine_flowrate: 5.539239545452238,
  oleylamine_fraction: 0.15303826168655327, oleylamine_setpoint: 5.42185081433803,
  source_wavelength: 0.799898, time: 1549595580.852958}
