ODE_extra_flowrate: 29.152326763097577
ODE_extra_fraction: 0.29501234404627097
ODE_extra_setpoint: 29.257919519094923
ODE_flowrate: 0.0
ODE_setpoint: 0.0
Pd_TOP_flowrate: 22.40867205448379
Pd_TOP_setpoint: 23.12398509396273
TOP_flowrate: 28.331903840100633
TOP_fraction: 0.2865541137259955
TOP_setpoint: 28.419127266044597
T_read_A: 220.434
T_set: 220.43896966250577
experiment_id: RxnB_20190329
exposure_time: 10.0
flowrate: 99.17547998643366
flowreactor_design_categorical_constraints: {crystalline_flag: 0, dilute_sphere_flag: 1,
  disordered_flag: 0}
flowreactor_design_constraints: {r0_sphere: 39.08151082730957}
flowreactor_design_domain:
  ODE_extra_fraction: [0.0, 0.3]
  TOP_fraction: [0.0, 0.3]
  T_set: [220.0, 310.0]
  flowrate: [20.0, 100.0]
  oleylamine_fraction: [0.0, 0.3]
flowreactor_design_mode: MPI_exploitation
flowreactor_design_range_constraints:
  I0_fraction_sphere: [0.9, 1.0]
  I0_sphere: [10.0, 1000000.0]
  sigma_sphere: [0.0, 0.1]
oleylamine_flowrate: 18.344390240681548
oleylamine_fraction: 0.18527180892851774
oleylamine_setpoint: 18.374335510175644
sample_id: RxnB_20190329_1554092743
source_wavelength: 0.799898
time: 1554093505.091685
