ODE_extra_flowrate: 16.028508371603905
ODE_extra_fraction: 0.29826896825288457
ODE_extra_setpoint: 16.048221955620768
ODE_flowrate: 0.1746654001023447
ODE_setpoint: 0.0
Pd_TOP_flowrate: 20.782688621305354
Pd_TOP_setpoint: 20.86277180158748
TOP_flowrate: 15.785101805651076
TOP_fraction: 0.2941336202361215
TOP_setpoint: 15.8257375577604
T_read_A: 258.1839
T_set: 258.1799888898238
experiment_id: RxnB_20190329
exposure_time: 10.0
flowrate: 53.8043569935248
flowreactor_design_categorical_constraints: {crystalline_flag: 0, dilute_sphere_flag: 1,
  disordered_flag: 0}
flowreactor_design_constraints: {r0_sphere: 12.275850126305755}
flowreactor_design_domain:
  ODE_extra_fraction: [0.0, 0.3]
  TOP_fraction: [0.0, 0.3]
  T_set: [220.0, 310.0]
  flowrate: [20.0, 100.0]
  oleylamine_fraction: [0.0, 0.3]
flowreactor_design_mode: MPI_exploration
flowreactor_design_range_constraints:
  I0_fraction_sphere: [0.9, 1.0]
  I0_sphere: [10.0, 1000000.0]
  sigma_sphere: [0.0, 0.1]
oleylamine_flowrate: 1.0435749368132419
oleylamine_fraction: 0.01984408225120705
oleylamine_setpoint: 1.067727650580267
sample_id: RxnB_20190329_1554006432
source_wavelength: 0.799898
time: 1554007704.427181
