ODE_extra_flowrate: 3.48513233049077
ODE_extra_fraction: 0.16599273205551582
ODE_extra_setpoint: 3.4284608463958657
ODE_flowrate: -0.03206934450331115
ODE_setpoint: 0.0
Pd_TOP_flowrate: 11.307426946813282
Pd_TOP_setpoint: 11.2313681958461
TOP_flowrate: 0.003023204193602895
TOP_fraction: 0.0010939572852946666
TOP_setpoint: 0.0
T_read_A: 225.2929
T_set: 225.29763870080885
experiment_id: RxnB_20190329
exposure_time: 10.0
flowrate: 20.653923997211454
flowreactor_design_categorical_constraints: {crystalline_flag: 0, dilute_sphere_flag: 1,
  disordered_flag: 0}
flowreactor_design_constraints: {r0_sphere: 37.071775683545525}
flowreactor_design_domain:
  ODE_extra_fraction: [0.0, 0.3]
  TOP_fraction: [0.0, 0.3]
  T_set: [220.0, 310.0]
  flowrate: [20.0, 100.0]
  oleylamine_fraction: [0.0, 0.3]
flowreactor_design_mode: MPI_exploration
flowreactor_design_range_constraints:
  I0_fraction_sphere: [0.9, 1.0]
  I0_sphere: [10.0, 1000000.0]
  sigma_sphere: [0.0, 0.1]
oleylamine_flowrate: 5.985135806753032
oleylamine_fraction: 0.2891264509153748
oleylamine_setpoint: 5.971605003816178
sample_id: RxnB_20190329_1554124920
source_wavelength: 0.799898
time: 1554127983.402634
