ODE_extra_flowrate: 0.0
ODE_extra_fraction: 0.0013795709180665285
ODE_extra_setpoint: 0.0
ODE_flowrate: -0.4076291966753482
ODE_setpoint: 0.0
Pd_TOP_flowrate: 13.10039193464229
Pd_TOP_setpoint: 13.949002911073444
TOP_flowrate: 0.9267434433988622
TOP_fraction: 0.05597527458841989
TOP_setpoint: 1.1739838353172212
T_read_A: 299.7751
T_set: 299.803182633498
experiment_id: RxnE_201902
exposure_time: 10.0
flowrate: 20.973902798223286
flowreactor_design_categorical_constraints: {crystalline_flag: 0, dilute_sphere_flag: 1,
  disordered_flag: 0}
flowreactor_design_constraints: {r0_sphere: 43.62243472053182}
flowreactor_design_domain:
  ODE_extra_fraction: [0.0, 0.3]
  TOP_fraction: [0.0, 0.3]
  T_set: [220.0, 310.0]
  flowrate: [20.0, 100.0]
  oleylamine_fraction: [0.0, 0.3]
flowreactor_design_mode: MPI_exploration
flowreactor_design_range_constraints:
  I0_fraction_sphere: [0.9, 1.0]
  I0_sphere: [10.0, 1000000.0]
  sigma_sphere: [0.0, 0.1]
oleylamine_flowrate: 5.7608592513185375
oleylamine_fraction: 0.2775778273979745
oleylamine_setpoint: 5.821899315841381
sample_id: RxnE_201902_1549881266
source_wavelength: 0.799898
time: 1549884286.534654
