ODE_extra_flowrate: 17.679040639553538
ODE_extra_fraction: 0.2932886622880868
ODE_extra_setpoint: 17.529068661977636
ODE_flowrate: 4.320841324635592
ODE_setpoint: 0.0
Pd_TOP_flowrate: 35.449622758734726
Pd_TOP_setpoint: 33.595385983301576
TOP_flowrate: 0.2019743223935951
TOP_fraction: 0.0033238859955764546
TOP_setpoint: 0.19865373957925445
T_read_A: 250.8333
T_set: 250.8267673367688
experiment_id: RxnE_201902
exposure_time: 10.0
flowrate: 59.76715424117032
flowreactor_design_categorical_constraints: {crystalline_flag: 0, dilute_sphere_flag: 1,
  disordered_flag: 0}
flowreactor_design_constraints: {r0_sphere: 36.305923266028266}
flowreactor_design_domain:
  ODE_extra_fraction: [0.0, 0.3]
  TOP_fraction: [0.0, 0.3]
  T_set: [220.0, 310.0]
  flowrate: [20.0, 100.0]
  oleylamine_fraction: [0.0, 0.3]
flowreactor_design_mode: MPI_exploration
flowreactor_design_range_constraints:
  I0_fraction_sphere: [0.9, 1.0]
  I0_sphere: [10.0, 1000000.0]
  sigma_sphere: [0.0, 0.1]
oleylamine_flowrate: 8.338373841899628
oleylamine_fraction: 0.1412820830613246
oleylamine_setpoint: 8.444011300799946
sample_id: RxnE_201902_1549832975
source_wavelength: 0.799898
time: 1549834138.597202
