ODE_bad_flow_detected: 0
ODE_extra_bad_flow_detected: 0
ODE_extra_flowrate: 189667.0
ODE_extra_flowrate_ok: 1
ODE_extra_fraction: 0.29532993491196236
ODE_extra_setpoint: 189682.0
ODE_extra_volume_limit_ok: 1
ODE_flowrate: 1666.0
ODE_flowrate_ok: 1
ODE_setpoint: 0.0
ODE_volume_limit_ok: 1
Pd_TOP_bad_flow_detected: 0
Pd_TOP_flowrate: 609167.0
Pd_TOP_flowrate_ok: 1
Pd_TOP_setpoint: 609703.0
Pd_TOP_volume_limit_ok: 1
TOP_bad_flow_detected: 0
TOP_flowrate: 6666.0
TOP_flowrate_ok: 1
TOP_fraction: 0.0021211559311663454
TOP_setpoint: 6483.0
TOP_volume_limit_ok: 1
T_read_A: 275.1476
T_set: 275.13935257950897
experiment_id: R1_20190424
exposure_time: 10.0
flowrate: 116.25344825434047
oleylamine_bad_flow_detected: 0
oleylamine_flowrate: 3833.0
oleylamine_flowrate_ok: 1
oleylamine_fraction: 0.0011795464359425467
oleylamine_setpoint: 4214.0
oleylamine_volume_limit_ok: 1
reaction_id: R1_20190424_2
sample_id: R1_20190424_2_1556202839
source_wavelength: 0.799898
time: 1556202839.742017
