ODE_bad_flow_detected: 0
ODE_extra_bad_flow_detected: 0
ODE_extra_flowrate: 1166.0
ODE_extra_flowrate_ok: 1
ODE_extra_fraction: 0.0004341667045094106
ODE_extra_setpoint: 648.0
ODE_extra_volume_limit_ok: 1
ODE_flowrate: 500.0
ODE_flowrate_ok: 1
ODE_setpoint: 0.0
ODE_volume_limit_ok: 1
Pd_TOP_bad_flow_detected: 0
Pd_TOP_flowrate: 168833.0
Pd_TOP_flowrate_ok: 1
Pd_TOP_setpoint: 168031.0
Pd_TOP_volume_limit_ok: 1
TOP_bad_flow_detected: 0
TOP_flowrate: 2666.0
TOP_flowrate_ok: 1
TOP_fraction: 0.002847154592783787
TOP_setpoint: 2454.0
TOP_volume_limit_ok: 1
T_read_A: 283.9567
T_set: 283.94486446988657
experiment_id: R1_20190424
exposure_time: 10.0
flowrate: 20.51655994307568
oleylamine_bad_flow_detected: 0
oleylamine_flowrate: 41000.0
oleylamine_flowrate_ok: 1
oleylamine_fraction: 0.17468918379262388
oleylamine_setpoint: 40321.0
oleylamine_volume_limit_ok: 1
reaction_id: R1_20190424_6
sample_id: R1_20190424_6_1556251607
source_wavelength: 0.799898
time: 1556251607.615669
