ODE_bad_flow_detected: 0
ODE_extra_bad_flow_detected: 0
ODE_extra_flowrate: 1000.0
ODE_extra_flowrate_ok: 1
ODE_extra_fraction: 0.0008523137964953278
ODE_extra_setpoint: 1027.0
ODE_extra_volume_limit_ok: 1
ODE_flowrate: -1666.0
ODE_flowrate_ok: 1
ODE_setpoint: 0.0
ODE_volume_limit_ok: 1
Pd_TOP_bad_flow_detected: 0
Pd_TOP_flowrate: 168333.0
Pd_TOP_flowrate_ok: 1
Pd_TOP_setpoint: 168361.0
Pd_TOP_volume_limit_ok: 1
TOP_bad_flow_detected: 0
TOP_flowrate: 4666.0
TOP_flowrate_ok: 1
TOP_fraction: 0.0023333968369868984
TOP_setpoint: 2138.0
TOP_volume_limit_ok: 1
T_read_A: 283.9773
T_set: 283.9794546962813
experiment_id: R1_20190424
exposure_time: 10.0
flowrate: 20.40632602278768
oleylamine_bad_flow_detected: 0
oleylamine_flowrate: 38833.0
oleylamine_flowrate_ok: 1
oleylamine_fraction: 0.168358007988854
oleylamine_setpoint: 39158.0
oleylamine_volume_limit_ok: 1
reaction_id: R1_20190424_8
sample_id: R1_20190424_8_1556224886
source_wavelength: 0.799898
time: 1556224886.57715
