{ODE_extra_flowrate: 19.19607275959102, ODE_extra_fraction: 0.2958267307993821, ODE_extra_setpoint: 19.56591879744803,
  ODE_flowrate: 0.7034641375186534, ODE_setpoint: 0.0, Pd_TOP_flowrate: 27.95069343998137,
  Pd_TOP_setpoint: 28.105093434268856, TOP_flowrate: 0.15144886021943874, TOP_fraction: 0.0071671006693088245,
  TOP_setpoint: 0.4740616718073765, T_read_A: 299.4211, T_set: 299.4829559182577,
  experiment_id: RxnB_201902, exposure_time: 10.0, flowrate: 66.14013871235213, oleylamine_flowrate: 17.536140842422956,
  oleylamine_fraction: 0.27207419792909987, oleylamine_setpoint: 17.995087395888866,
  source_wavelength: 0.799898, time: 1549547629.593637}
