{ODE_extra_flowrate: 4.012159179195222, ODE_extra_fraction: 0.12623902739266266, ODE_extra_setpoint: 4.003007803180566,
  ODE_flowrate: -0.013741422190501108, ODE_setpoint: 0.0, Pd_TOP_flowrate: 26.6334778786207,
  Pd_TOP_setpoint: 26.36965043143865, TOP_flowrate: 0.25701047996321214, TOP_fraction: 0.008028817474432338,
  TOP_setpoint: 0.25461332274369536, T_read_A: 229.715, T_set: 229.71752222936576,
  experiment_id: RxnB_201902, exposure_time: 10.0, flowrate: 31.709390462974465, oleylamine_flowrate: 1.0730392269218207,
  oleylamine_fraction: 0.034127983258066125, oleylamine_setpoint: 1.0821763297830314,
  source_wavelength: 0.799898, time: 1549542330.974641}
