{ODE_extra_flowrate: 7.073496876763918, ODE_extra_fraction: 0.06892147453269444, ODE_extra_setpoint: 6.891674991320081,
  ODE_flowrate: 1.8037085720913344, ODE_setpoint: 0.0, Pd_TOP_flowrate: 62.00087296327773,
  Pd_TOP_setpoint: 58.770137493278646, TOP_flowrate: 9.73139210426878, TOP_fraction: 0.09186259742384678,
  TOP_setpoint: 9.185755028577598, T_read_A: 309.83, T_set: 309.80254670189476, experiment_id: RxnB_201902,
  exposure_time: 10.0, flowrate: 99.9941689595637, oleylamine_flowrate: 25.902113133011717,
  oleylamine_fraction: 0.25148027958868513, oleylamine_setpoint: 25.146660446833703,
  source_wavelength: 0.799898, time: 1549530942.380428}
