{ODE_extra_flowrate: 11.300958102055466, ODE_extra_fraction: 0.21105895373844302,
  ODE_extra_setpoint: 10.570229099682358, ODE_flowrate: 0.7845081086899948, ODE_setpoint: 0.0,
  Pd_TOP_flowrate: 38.96933560529304, Pd_TOP_setpoint: 38.13492688155365, TOP_flowrate: 3.437883122568451,
  TOP_fraction: 0.012914135587079666, TOP_setpoint: 0.6467489695936337, T_read_A: 293.244,
  T_set: 293.25473293387694, experiment_id: RxnB_201902, exposure_time: 10.0, flowrate: 50.08215747752138,
  oleylamine_flowrate: 0.8177371104812723, oleylamine_fraction: 0.014578723451834984,
  oleylamine_setpoint: 0.7301112399696339, source_wavelength: 0.799898, time: 1549558877.788822}
