{ODE_extra_flowrate: 11.612381367431002, ODE_extra_fraction: 0.23756412042703196,
  ODE_extra_setpoint: 11.818944348309113, ODE_flowrate: 0.0, ODE_setpoint: 0.0, Pd_TOP_flowrate: 33.84069203710041,
  Pd_TOP_setpoint: 35.23380061200265, TOP_flowrate: 1.3428462625982447, TOP_fraction: 0.02869183264979048,
  TOP_setpoint: 1.4274067351873663, T_read_A: 290.064, T_set: 290.05351808264464,
  experiment_id: RxnB_201902, exposure_time: 10.0, flowrate: 49.7507865634682, oleylamine_flowrate: 1.2857138917930837,
  oleylamine_fraction: 0.02553924008658943, oleylamine_setpoint: 1.2705676063697549,
  source_wavelength: 0.799898, time: 1549533622.542078}
