{ODE_extra_flowrate: 0.7760682839783261, ODE_extra_fraction: 0.021423074068298964,
  ODE_extra_setpoint: 0.891175105192959, ODE_flowrate: 3.1861954024835843, ODE_setpoint: 0.0,
  Pd_TOP_flowrate: 32.49888109226374, Pd_TOP_setpoint: 31.400277918219057, TOP_flowrate: 0.4232931657870478,
  TOP_fraction: 0.006068260829898235, TOP_setpoint: 0.25245077648184117, T_read_A: 250.1821,
  T_set: 250.2168728733839, experiment_id: RxnB_201902, exposure_time: 10.0, flowrate: 41.59907291253085,
  oleylamine_flowrate: 9.012727259418716, oleylamine_fraction: 0.21767654970218664,
  oleylamine_setpoint: 9.05506574210176, source_wavelength: 0.799898, time: 1549510779.553584}
