{ODE_extra_flowrate: 15.478176952172277, ODE_extra_fraction: 0.2677810512707899, ODE_extra_setpoint: 15.415829208891783,
  ODE_flowrate: 3.72236017097308, ODE_setpoint: 0.0, Pd_TOP_flowrate: 27.48051282831818,
  Pd_TOP_setpoint: 25.740018623936212, TOP_flowrate: 0.5159441730507925, TOP_fraction: 0.006742489544998265,
  TOP_setpoint: 0.38814793100831135, T_read_A: 302.8329, T_set: 302.8441353654676,
  experiment_id: RxnB_201902, exposure_time: 10.0, flowrate: 57.56915137573949, oleylamine_flowrate: 17.015058179143487,
  oleylamine_fraction: 0.2783626492410989, oleylamine_setpoint: 16.025016149944594,
  source_wavelength: 0.799898, time: 1549550084.955033}
