{ODE_extra_flowrate: 15.786961128542275, ODE_extra_fraction: 0.2677810512707899, ODE_extra_setpoint: 15.415829208891783,
  ODE_flowrate: 11.307426946813282, ODE_setpoint: 0.0, Pd_TOP_flowrate: 27.101004016280303,
  Pd_TOP_setpoint: 25.740018623936212, TOP_flowrate: 0.52796610092376, TOP_fraction: 0.006742489544998265,
  TOP_setpoint: 0.38814793100831135, T_read_A: 302.7827, T_set: 302.8441353654676,
  experiment_id: RxnB_201902, exposure_time: 10.0, flowrate: 57.56915137573949, oleylamine_flowrate: 16.532968043497927,
  oleylamine_fraction: 0.2783626492410989, oleylamine_setpoint: 16.025016149944594,
  source_wavelength: 0.799898, time: 1549550069.754315}
