date_time: '2018-07-20 18:42:05.290130-07:00'
exposure_time: 20.0
flow_reactor_header: {ODE2_flowrate: -0.2388020046556772, ODE2_setpoint: 0.0, ODE_flowrate: -0.008359880303627276,
  ODE_setpoint: 0.0, Pd_TOP_flowrate: 35.12212251425987, Pd_TOP_setpoint: 35.349896299039614,
  TOP_flowrate: 0.11314710106418767, TOP_setpoint: 0.0, T_read_A: 280.0857, T_read_B: -8.152649,
  T_set_A: 280.0604715828012, T_set_B: null, oleylamine_flowrate: 4.055101847537049,
  oleylamine_setpoint: 4.224928038115446, t_utc: 1532137325.290074, time: '2018-07-20
    18:42:05.290130-07:00'}
source_wavelength: 0.799898
time: 1532137325.290074
