date_time: '2018-07-20 17:15:20.002984-07:00'
exposure_time: 20.0
flow_reactor_header: {ODE2_flowrate: 0.2964821719511409, ODE2_setpoint: 0.0, ODE_flowrate: -0.008359880303627276,
  ODE_setpoint: 0.0, Pd_TOP_flowrate: 34.88845344630384, Pd_TOP_setpoint: 35.08032999754094,
  TOP_flowrate: 0.008448385744430414, TOP_setpoint: 0.0, T_read_A: 249.7284, T_read_B: -8.206879,
  T_set_A: 249.76007182887338, T_set_B: null, oleylamine_flowrate: 4.330940993790322,
  oleylamine_setpoint: 4.178690615557806, t_utc: 1532132120.002811, time: '2018-07-20
    17:15:20.002984-07:00'}
source_wavelength: 0.799898
time: 1532132120.002811
