date_time: '2018-07-21 06:56:09.972558-07:00'
exposure_time: 20.0
flow_reactor_header: {ODE2_flowrate: -0.0598582505262098, ODE2_setpoint: 0.0, ODE_flowrate: 0.0035689846290815615,
  ODE_setpoint: 0.0, Pd_TOP_flowrate: 35.449622758734726, Pd_TOP_setpoint: 35.48390675741253,
  TOP_flowrate: 0.011771691119187466, TOP_setpoint: 0.0, T_read_A: 249.5602, T_read_B: -8.223846,
  T_set_A: 249.6169, T_set_B: null, oleylamine_flowrate: 4.2454823683071785, oleylamine_setpoint: 4.309498325853084,
  t_utc: 1532181369.972509, time: '2018-07-21 06:56:09.972558-07:00'}
source_wavelength: 0.799898
time: 1532181369.972509
