date_time: '2018-07-21 22:06:23.771535-07:00'
exposure_time: 20.0
flow_reactor_header: {ODE_flowrate: 0.0, ODE_setpoint: 0.0, Pd_TOP_flowrate: 35.54335601658685,
  Pd_TOP_setpoint: 35.649932140086285, TOP_flowrate: 0.003023204193602895, TOP_setpoint: 0.0,
  T_read_A: 248.8842, T_read_B: -8.196198, T_set_A: 248.8932, T_set_B: null, oleylamine_flowrate: 4.655562632719519,
  oleylamine_setpoint: 4.711415444973873, t_utc: 1532235983.771485, time: '2018-07-21
    22:06:23.771535-07:00'}
source_wavelength: 0.799898
time: 1532235983.771485
