date_time: '2018-07-21 17:27:24.012360-07:00'
exposure_time: 20.0
flow_reactor_header: {ODE_flowrate: 0.008359880303627276, ODE_setpoint: 0.0, Pd_TOP_flowrate: 35.3793875283856,
  Pd_TOP_setpoint: 35.4095855686043, TOP_flowrate: 0.0010770223939653718, TOP_setpoint: 0.0,
  T_read_A: 248.8904, T_read_B: -8.167847, T_set_A: 248.8932, T_set_B: null, oleylamine_flowrate: 4.590099643335185,
  oleylamine_setpoint: 4.590360963135993, t_utc: 1532219244.012318, time: '2018-07-21
    17:27:24.012360-07:00'}
source_wavelength: 0.799898
time: 1532219244.012318
