date_time: '2018-07-21 06:00:04.348584-07:00'
exposure_time: 20.0
flow_reactor_header: {ODE2_flowrate: 0.43899211172574115, ODE2_setpoint: 0.0, ODE_flowrate: 0.008359880303627276,
  ODE_setpoint: 0.0, Pd_TOP_flowrate: 34.818422184353395, Pd_TOP_setpoint: 35.57498534417191,
  TOP_flowrate: 0.008448385744430414, TOP_setpoint: 0.0, T_read_A: 249.6849, T_read_B: -8.238892,
  T_set_A: 249.68328315995433, T_set_B: null, oleylamine_flowrate: 4.034188218864172,
  oleylamine_setpoint: 4.402034793487567, t_utc: 1532178004.348531, time: '2018-07-21
    06:00:04.348584-07:00'}
source_wavelength: 0.799898
time: 1532178004.348531
