date_time: '2018-07-21 02:15:15.327559-07:00'
exposure_time: 20.0
flow_reactor_header: {ODE2_flowrate: 0.03206934450331115, ODE2_setpoint: 0.0, ODE_flowrate: 0.09034955540681047,
  ODE_setpoint: 0.0, Pd_TOP_flowrate: 36.435563465750974, Pd_TOP_setpoint: 35.53450072313713,
  TOP_flowrate: 0.015434421750877959, TOP_setpoint: 0.0, T_read_A: 248.6291, T_read_B: -8.21402,
  T_set_A: 248.62363141920795, T_set_B: null, oleylamine_flowrate: 4.633668321047449,
  oleylamine_setpoint: 4.435506818120393, t_utc: 1532164515.327505, time: '2018-07-21
    02:15:15.327559-07:00'}
source_wavelength: 0.799898
time: 1532164515.327505
