date_time: '2018-07-21 05:03:57.885280-07:00'
exposure_time: 20.0
flow_reactor_header: {ODE2_flowrate: 0.1397467634055174, ODE2_setpoint: 0.0, ODE_flowrate: 0.019510053453476773,
  ODE_setpoint: 0.0, Pd_TOP_flowrate: 35.777674940437905, Pd_TOP_setpoint: 35.48390675741253,
  TOP_flowrate: 0.011771691119187466, TOP_setpoint: 0.0, T_read_A: 249.6161, T_read_B: -8.244598,
  T_set_A: 249.6169, T_set_B: null, oleylamine_flowrate: 4.4168878788348005, oleylamine_setpoint: 4.309498325853084,
  t_utc: 1532174637.885227, time: '2018-07-21 05:03:57.885280-07:00'}
source_wavelength: 0.799898
time: 1532174637.885227
